0 2.18384 9.73078 8.15293 5.75693 0 5.70527 1.03829 6.2919 9.01017 6.29307 6.38395 4.92975 8.88909 0 8.25985 9.24971 4.75951 7.55748 7.31986 5.01421 6.70087 7.56773 1.17183 3.869 8.37753 3.2853 2.38244 3.5394 6.01152 5.63194 9.52791 9.90426 1.70437 9.26063 7.26111 6.45076 7.35882 1.91474 4.49048 7.12506 2.41958 7.3269 5.02179 4.72626 7.76539 8.74203 2.05693 6.9522 4.87763 4.49941 7.78476 7.44078 6.54715 4.95753 2.59192 2.90367 1.73564 6.78681 9.84912 4.33204 0 1.19875 7.77646 5.73511 0 6.71246 3.55632 8.42228 4.58329 3.84407 8.59578 1.13456 2.92192 7.08613 8.05479 2.35355 3.31452 2.25275 5.40049 5.72489 8.45837 6.66615 5.10176 8.52778 2.45519 4.09436 7.36255 1.00791 7.54601 3.42293 1.10185 9.50278 3.60385 5.14391 7.13844 1.58674 9.58973 5.62991 9.46147
0 0 5.12785 2.10256 9.08123 2.69448 1.2642 0 1.01492 7.72011 3.33113 0 9.88195 6.19998 0 0 9.58626 0 0 5.06666 0 1.05708 0 2.58377 0 0 5.66631 7.18673 4.88717 5.6799 0 0 7.98292 0 5.30024 3.5226 0 0 0 8.50314 6.98953 5.8962 0 6.52713 0 0 3.6732 2.94243 1.49751 0 0 0 0 4.81902 0 0 7.65063 0 0 8.54291 0 0 3.79152 7.38388 0 0 5.8264 0 0 9.76012 0 2.44247 5.40687 0 1.71925 3.98057 0 5.92277 0 0 9.12971 0 1.93418 0 2.1334 0 2.3528 0 0 8.52586 2.88606 4.34719 0 0 6.64175 0 0 0 7.84556 0
0 0 0 2.97063 7.82421 8.77278 7.13499 6.58941 0 4.25875 0 4.31706 3.6079 5.13786 0 9.41717 4.44539 0 0 5.09565 1.72318 0 0 0 0 0 3.9615 0 2.44075 7.74326 2.20635 0 7.92203 1.94666 0 2.99501 2.54241 6.95794 0 0 0 1.32731 0 0 9.45753 2.94748 7.68947 0 0 3.16396 3.94505 0 1.48325 0 7.92494 0 1.58821 9.54241 2.11464 0 7.49684 0 5.74695 0 9.79462 6.9822 0 2.68142 3.29462 0 0 0 8.15817 1.02906 2.49335 0 6.8736 0 0 7.29812 7.40408 4.79421 0 0 0 6.19098 0 0 0 1.1615 5.67257 4.34319 3.2514 2.43782 0 0 3.10322 0 0 0
0 0 0 0 7.10978 0 0 0 0 0 0 3.09347 0 0 0 5.67373 0 3.96491 9.79514 0 0 1.30819 0 3.96621 0 5.22549 0 7.90359 0 0 1.80093 0 0 0 5.58692 0 4.4053 0 0 0 0 0 8.50905 0 0 0 0 0 0 0 0 0 0 0 0 0 0 0 0 4.12743 0 0 0 2.98464 0 6.68587 0 0 1.28475 0 0 0 6.32429 6.45401 0 0 0 1.37278 3.35601 0 0 0 0 0 0 0 0 0 0 9.5144 0 0 0 0 7.35815 0 0 0 0 0
0 8.4813 0 0 0 9.41224 0 0 0 0 6.27414 0 8.33866 1.31554 9.70219 7.28614 0 0 0 0 5.67403 0 0 0 0 5.69857 0 6.14424 0 4.63223 7.01169 0 1.69592 4.11285 0 0 0 0 0 5.52047 2.26639 6.16924 2.45277 0 5.78285 0 0 0 0 0 0 0 7.00344 9.50725 8.80763 0 6.41474 0 0 8.71189 0 0 0 6.15526 0 2.99491 0 7.07072 0 2.39872 0 0 4.97182 2.72785 6.75571 1.23706 0 0 7.86109 9.38723 0 0 5.82875 0 0 1.20165 0 0 2.33551 0 0 9.32953 1.28491 0 1.86884 5.93863 4.87401 4.09252 0 0
0 6.18111 2.76677 1.89879 8.1485 0 5.67475 4.62466 0 6.21876 9.78293 9.66844 9.11096 7.81859 5.38013 1.80868 0 9.42342 2.53717 6.28176 9.28227 7.32224 9.45884 5.49692 0 8.72889 8.24421 1.96462 2.82234 6.15865 5.77441 7.27296 5.38165 1.6616 8.31742 0 6.27107 0 7.1882 9.57188 4.42547 3.52093 3.49478 4.39736 0 6.40119 4.31382 2.43622 1.28263 2.34326 2.70594 5.42657 7.47028 8.37574 6.5 7.39405 1.65582 7.92424 4.75117 5.37824 8.30706 2.31576 7.13079 7.07224 4.2616 9.07891 8.91154 1.96965 1.7229 9.95861 2.10655 3.07243 8.3906 6.37729 4.8172 0 3.11862 6.86165 5.35486 8.92706 9.39559 0 9.09569 1.6914 2.78272 5.69993 5.29877 9.76913 1.54128 6.86363 3.14217 9.06872 4.36824 2.33909 7.94827 4.10119 3.48982 4.6736 3.97683 5.96646
0 0 2.7656 8.19131 7.47815 0 0 1.31115 0 4.98133 3.59789 0 3.08706 0 3.91086 0 0 8.52738 6.92734 1.66465 0 8.50283 0 6.78724 2.75211 3.49001 9.50007 0 8.77754 0 9.36901 6.30477 0 0 3.18906 4.00876 5.82361 3.8855 6.36334 0 0 0 8.52397 9.28747 0 0 0 0 6.99376 6.93899 6.42024 3.83229 6.37051 5.31801 0 6.81846 0 8.15393 1.17024 0 5.12241 5.64878 3.99635 0 6.09564 0 7.4724 0 4.21773 5.81389 0 5.70765 4.36023 4.80297 8.5004 2.05514 0 0 1.94121 0 7.00171 0 3.3772 0 2.40286 6.71157 0 1.45433 5.16753 3.63739 2.30408 8.53374 0 4.21905 0 3.22276 0 0 0 0
0 7.02014 0 1.95006 0 1.29042 3.45199 0 5.7673 0 0 0 2.58778 8.47987 0 0 2.95669 5.09092 7.29675 6.83268 0 0 0 0 4.24871 9.65293 2.04046 0 0 7.47284 7.04483 4.91053 9.36389 0 7.75154 0 3.39658 0 0 6.95283 6.60918 0 2.16139 2.4814 6.22872 5.51668 4.90535 6.1606 8.69574 0 0 0 5.29257 3.1987 7.04216 9.64049 5.54553 0 4.07663 6.34743 8.12784 0 8.97859 1.65865 0 7.21838 0 0 1.53964 0 7.08459 0 0 9.0752 3.51544 0 0 0 0 0 8.63826 2.82842 3.53998 7.95882 2.06558 0 8.84155 0 2.111 8.04227 2.41439 0 4.48037 0 2.52965 8.13502 6.12406 2.52199 0 0
0 9.7702 4.26334 0 1.54236 0 8.9794 0 0 1.06928 7.15551 7.70122 9.22931 9.39705 0 4.16854 7.98776 9.47863 2.13428 0 5.13022 6.30737 2.86974 1.234 7.03972 6.04292 5.03033 0 4.14241 9.27207 0 7.75472 0 2.08159 0 2.23944 4.20701 1.28655 0 1.48354 9.73269 2.03076 3.83147 0 6.48521 0 8.18085 4.42565 0 2.1333 3.0474 1.16426 0 8.68813 9.35675 5.8834 3.14396 8.73559 4.54106 2.16648 0 8.48396 8.31075 0 2.7811 3.98162 0 4.91838 5.62149 8.12026 3.11208 9.21702 6.89166 8.59781 4.44172 2.19964 3.6929 6.14702 6.79951 2.27061 2.92524 6.50852 6.54907 0 0 6.39275 6.61605 9.49773 5.03848 0 0 0 0 0 2.08622 0 0 8.35585 3.04986 0
0 0 0 0 0 0 0 0 0 0 1.60158 0 0 0 0 0 0 0 0 0 0 0 0 0 0 0 0 0 0 0 0 0 0 0 0 0 0 0 0 0 0 0 0 0 0 0 0 0 5.21388 4.61399 9.09341 0 0 0 0 0 0 0 0 5.20488 0 0 0 0 0 0 0 0 0 0 0 0 0 0 0 0 0 0 0 2.23295 0 0 0 0 0 5.65836 0 0 0 0 0 0 0 0 0 7.24533 0 0 0 0
0 2.791 0 0 0 4.14804 7.10838 8.60177 6.14464 5.62383 0 7.18095 0 3.86694 0 6.69645 0 0 0 5.99907 0 0 4.67764 7.50064 0 0 8.18605 0 6.52534 9.99183 5.71406 0 0 0 5.42987 0 2.24202 0 0 3.47382 0 2.54254 1.35697 4.11788 0 7.88979 0 0 0 0 0 0 6.53051 3.98865 0 0 0 2.32004 0 0 0 0 0 0 1.50521 1.2813 7.20221 0 4.48222 0 9.65729 6.47218 0 0 0 5.88542 7.69667 4.6835 2.81455 2.73382 4.0914 0 0 0 0 0 0 4.62505 0 0 0 0 1.00248 0 0 0 0 0 0 0
0 0 5.78674 0 3.92736 5.94564 0 3.54999 2.14513 0 0 0 9.37393 0 4.81461 0 0 9.26179 0 0 0 0 0 0 0 0 0 0 0 0 0 0 0 0 1.54217 4.76349 0 0 0 0 0 4.29079 0 0 0 1.56597 6.38161 1.77945 0 0 0 0 0 0 0 0 0 0 3.54008 0 0 0 0 0 0 0 0 8.61693 0 7.57335 1.53412 0 2.43412 0 0 8.7266 0 0 0 0 0 0 0 0 0 9.54455 0 0 6.07585 0 5.94372 4.87742 0 1.99119 0 0 9.75874 0 0 6.97911
0 0 0 0 0 0 0 0 0 0 0 9.28842 0 5.74236 0 0 0 0 0 0 0 0 7.15028 0 0 0 0 0 0 0 0 0 0 0 0 0 0 0 0 0 0 0 0 7.05465 0 0 0 0 0 0 0 0 0 0 0 0 0 0 0 0 1.03437 0 0 7.83277 0 0 0 0 0 0 0 0 0 0 0 2.51634 0 0 0 0 0 0 0 0 0 0 0 0 0 0 0 0 0 2.78768 0 0 0 0 0 0
0 5.00609 0 8.94115 0 0 0 0 5.65734 0 0 0 0 0 6.88527 0 0 0 0 0 0 0 0 0 0 0 0 0 3.20945 0 0 0 0 0 0 0 0 0 0 0 5.94016 0 0 0 0 0 2.60337 0 5.20271 0 0 6.86842 0 0 8.97717 0 0 6.0502 0 0 0 1.14467 0 0 0 7.01446 0 0 0 0 2.83522 0 0 0 0 1.27036 0 1.98175 0 0 5.38343 0 0 0 0 0 0 0 0 0 0 0 0 0 0 0 1.84279 9.42948 0 5.92661
0 7.80964 5.09679 5.94306 0 0 0 0 0 0 0 0 0 0 0 7.31072 0 9.01408 0 6.80811 5.4201 3.6205 0 0 9.6486 0 4.18894 9.86888 7.37631 8.47602 9.59964 5.7367 0 0 1.90783 2.73833 2.55213 0 0 0 0 6.77238 0 0 0 6.77499 0 1.92221 3.29107 5.94531 9.70334 1.70393 3.89935 8.77025 7.88688 2.48866 2.7066 7.78003 7.7097 0 0 7.99286 0 4.00213 9.11797 2.46185 2.50557 6.37253 0 2.98351 3.2532 8.03917 7.83728 8.55601 4.42384 0 9.37878 4.37893 3.27447 9.7786 1.33915 8.66484 2.04798 1.01498 1.29105 4.37536 0 7.89682 6.01849 2.38809 4.68152 9.98461 1.8238 0 3.77073 6.92753 0 3.71251 0 3.1871
0 0 0 5.49796 2.54104 0 0 0 0 0 0 0 0 0 0 0 7.85978 7.73591 0 0 0 0 0 0 0 0 0 0 0 0 0 7.37559 0 9.19768 0 0 0 0 0 0 9.95195 0 7.20737 0 0 0 0 0 0 0 0 0 0 0 0 0 0 0 0 0 0 0 8.95208 0 0 0 0 0 0 0 0 0 0 0 0 9.12244 4.59377 0 0 0 0 0 0 0 0 0 0 0 0 0 0 0 0 0 0 0 0 3.54545 0 0
0 0 0 5.07595 0 8.37284 0 0 0 0 0 9.58862 0 0 0 0 0 1.42718 3.1225 0 0 6.41806 0 0 4.02045 0 4.68962 0 0 0 6.9506 0 0 0 5.87617 0 0 7.32052 0 0 0 0 0 7.82829 3.36837 0 0 0 0 0 0 0 0 0 0 0 0 0 0 9.12074 9.76816 0 0 0 1.98934 0 5.93529 0 0 7.71655 0 0 0 0 0 0 0 0 0 0 7.00394 3.71317 0 0 0 0 0 3.48754 8.16434 0 0 0 0 0 0 0 0 0 4.66075 0
0 4.45043 9.8643 8.84644 8.25719 8.5156 4.48645 3.20884 0 7.64346 2.48216 8.81192 6.87219 3.65314 8.40519 2.94621 1.04663 0 3.95411 1.81671 5.1763 5.63761 8.12041 1.74338 2.17089 9.83951 3.75455 2.77718 6.37032 2.2892 5.65363 8.3226 6.03198 7.29127 1.65735 5.29983 3.41727 2.83738 6.06076 5.49852 1.53277 1.74155 0 5.94832 2.86488 9.88056 6.65199 0 0 1.65569 4.95235 2.45458 7.17788 6.83339 3.25589 6.09121 2.72504 9.24119 0 3.99582 9.30755 4.4106 6.11769 4.37159 2.93194 4.5699 3.22323 0 1.10029 6.18974 3.28295 0 8.27479 4.70989 4.78046 8.47615 9.72298 4.60471 5.2653 0 6.92258 9.02934 0 5.43929 7.15519 5.25871 5.26888 0 2.47543 2.55634 1.39067 4.16682 4.5184 3.51723 7.00861 5.55751 4.86317 7.13491 4.17814 3.25671
0 3.44922 2.96762 4.7359 2.1716 0 4.63337 0 7.59339 1.66341 4.25852 0 3.50707 0 6.43024 1.71047 8.83339 0 0 7.80769 0 1.43438 9.75791 3.1315 6.38902 7.75094 7.67802 0 4.75712 7.10049 0 5.11959 4.04607 0 8.52261 1.92032 7.32999 3.43631 4.75155 2.63783 8.08936 0 6.72689 0 8.41221 2.33833 7.52467 1.03782 7.12669 0 0 7.66429 8.45834 0 2.31394 8.4007 9.51367 3.11794 9.50329 8.55244 0 5.90176 7.93556 8.57004 7.52711 9.88687 2.62367 0 2.93902 5.23297 9.59186 7.52762 4.92195 0 3.05741 2.83534 5.09031 9.62393 8.75286 0 6.60533 0 3.1823 6.68658 4.39461 1.6953 5.77838 0 4.56839 0 3.13972 2.82668 8.82112 8.68418 0 9.69253 0 0 0 4.71553
0 2.38988 1.34794 2.45618 2.48539 7.19966 0 5.865 0 1.53141 4.19727 7.28043 7.59598 0 0 0 0 0 0 0 4.28805 0 4.68229 2.4628 6.23905 7.93535 0 5.38941 8.31911 7.20088 1.31474 6.08915 0 5.94714 0 0 1.29661 5.12957 0 0 0 0 5.59743 2.35334 3.99375 8.51531 6.18087 9.52328 5.27298 3.76773 4.1067 7.55608 7.5306 0 0 0 8.811 8.38083 0 0 0 0 0 1.58705 3.79295 0 2.39553 0 0 6.79858 2.11351 2.87997 6.26664 0 2.90208 0 0 9.16036 4.9725 4.30318 0 0 6.0714 0 1.31203 8.24944 0 1.11215 7.81815 0 6.32543 3.72584 9.70528 7.36137 7.48853 2.54556 0 0 8.46398 4.31748
0 0 0 5.41234 0 0 0 0 0 0 0 0 0 0 7.30211 0 0 0 0 0 0 9.84295 0 0 0 0 0 0 0 2.61314 0 0 0 0 0 0 7.34768 0 0 0 0 0 0 4.4398 0 0 8.3884 0 0 0 4.0504 0 3.1061 0 0 2.65921 0 0 0 0 0 0 0 0 0 0 0 0 0 0 0 0 0 0 7.0715 0 0 0 0 0 3.73726 6.37063 0 0 0 0 0 0 0 0 0 0 0 5.7492 0 0 0 0 0 0
0 8.17644 0 0 0 0 2.16777 0 0 0 0 1.15505 0 1.20026 0 3.88558 0 0 0 0 0 0 7.7802 0 0 0 0 0 0 0 3.80789 0 0 1.89257 0 1.46687 0 0 0 0 0 0 8.9543 0 0 0 0 0 0 0 0 0 0 0 0 3.8456 0 6.64141 7.6335 0 0 0 0 8.32859 0 8.70455 0 0 0 0 0 0 1.93688 0 0 0 0 0 0 0 0 0 0 8.03957 0 0 0 0 0 0 2.24819 0 0 0 0 0 0 0 3.48025 0
0 1.75815 8.96936 5.64212 1.89595 2.75504 1.58169 8.36152 2.64752 1.98231 4.39265 6.36958 5.35351 3.90616 5.09166 2.7348 2.56775 2.72659 4.15986 8.9039 6.32705 9.958 0 1.65417 2.08903 6.54514 2.54513 7.41952 8.15513 4.11301 8.23416 6.9596 3.85311 3.14072 2.25853 2.6729 3.25628 9.36012 3.14615 2.58208 0 2.76324 9.04281 7.43288 5.89342 6.21618 5.88903 6.28883 9.8316 6.83086 4.09957 6.96205 1.87179 1.21863 9.82127 1.64783 9.63023 6.1361 3.60351 5.56126 7.23905 0 1.56761 1.53265 2.63043 7.69703 8.07613 6.93726 4.57648 3.41207 9.40535 6.51128 4.16592 4.42091 8.41833 0 5.64288 3.31468 6.13836 3.76773 1.38842 9.70901 0 2.72176 3.51528 3.8867 8.82353 6.86116 1.93967 4.38284 7.68827 8.21192 6.789 9.6663 9.35909 3.98154 8.14815 3.03193 2.42969 3.19621
0 7.87262 0 1.99254 0 4.45111 8.71926 6.12935 6.89712 3.8973 8.30661 3.52101 1.48867 9.38165 2.20702 0 4.98539 6.79597 8.14578 0 7.29101 8.40151 1.46059 0 8.96236 2.80978 9.25321 2.14444 7.99951 8.96937 3.12039 3.0087 4.78399 4.0675 4.08967 1.11828 2.1837 4.31762 9.43234 0 8.89027 0 0 6.90086 0 1.87447 5.25873 2.46442 2.10763 2.68371 8.20029 5.35084 3.10708 7.2069 2.05726 7.52814 3.32054 3.69314 6.0366 4.79432 2.3894 8.91407 6.2808 3.20912 7.1883 0 6.61536 9.44527 0 3.37371 2.08405 2.46735 5.64797 0 2.31998 6.92979 1.86407 9.84593 2.20682 2.65791 1.42527 1.74114 8.79434 4.15989 3.03522 2.75005 2.54428 7.31591 7.92806 0 7.95871 1.79128 9.8721 4.29682 6.09515 6.40551 2.58022 6.77505 3.37585 5.57324
0 0 0 0 6.23645 0 0 0 5.19716 9.96453 0 2.35653 0 0 0 0 0 0 0 3.93251 0 2.66837 9.47896 0 0 4.9277 0 0 5.5286 8.51594 5.41245 0 0 0 0 0 2.27472 0 0 0 0 0 9.19746 0 0 0 5.20455 0 4.55 0 0 0 0 0 0 4.72764 7.47677 0 0 0 0 0 0 0 0 0 0 7.21999 0 2.91886 0 7.77001 0 0 0 0 0 1.5808 0 1.22293 0 0 3.48147 0 0 0 0 0 0 0 0 0 8.35714 0 3.72461 0 0 0 0 5.59699
0 9.13252 0 8.85143 6.81221 0 1.00006 1.63532 3.04847 6.24718 0 9.97438 5.65262 2.2314 0 1.39937 0 0 0 4.18268 7.03023 2.20201 8.23267 0 0 0 5.29959 6.5721 0 6.93562 0 0 0 6.25314 8.32043 9.64414 7.69452 2.82087 4.26594 0 7.65755 9.16531 6.28114 5.84642 0 8.3459 0 2.76986 1.42468 3.94749 0 6.22248 3.33549 4.86233 4.16687 8.76693 7.14247 9.38376 9.1165 7.2953 0 4.29867 6.07702 1.55026 2.98575 0 3.8333 2.58228 4.308 9.12027 4.22767 6.77533 9.55246 3.75526 0 0 1.90389 1.55117 6.70808 2.92256 6.36558 1.15069 9.37076 0 3.38181 7.47772 0 9.58126 2.31799 9.7523 5.32676 2.51136 1.01831 2.40504 5.688 4.34719 8.74065 9.58232 3.40032 5.8151
0 0 0 5.93634 8.79903 8.30803 5.89344 4.44031 0 0 2.2803 9.03399 6.46238 1.2332 1.26312 0 7.87194 0 0 3.08923 0 2.18752 7.94187 0 0 0 0 3.47416 7.57136 2.15234 0 0 2.75187 2.35209 5.06598 4.28166 7.56957 9.42853 1.59466 0 2.68421 5.74678 0 3.43312 3.09581 0 5.75086 6.19826 0 8.79708 6.49844 0 0 0 0 1.96583 4.30448 0 0 2.54986 6.64936 0 3.1581 9.71598 5.94952 0 1.34946 6.49658 0 2.83683 6.53334 9.24845 1.01775 3.48983 8.05945 0 9.39587 5.07599 1.91511 1.28494 0 5.01192 9.83052 9.26742 3.56034 2.50543 0 1.31507 2.22608 3.99197 2.3597 0 2.29466 8.72305 3.66499 5.46593 8.6908 5.36523 0 0
0 9.16647 0 0 0 0 0 0 0 0 0 0 0 0 0 0 0 0 0 0 0 0 0 3.23879 0 0 0 0 2.49856 0 0 0 0 0 0 0 6.87659 0 0 0 0 0 0 1.61483 0 3.07474 0 0 0 0 0 0 0 0 0 0 0 0 0 0 0 0 0 0 0 0 5.36308 0 0 0 0 0 0 0 0 0 0 0 0 0 0 0 0 0 2.97237 2.27207 0 0 3.03129 0 0 0 0 0 0 7.14931 0 0 0 0
0 7.02831 5.79306 4.99612 4.68164 2.30944 5.3907 4.79352 7.30158 5.66766 4.82973 8.45041 0 3.10884 0 6.69302 0 8.5145 0 5.27642 7.22107 0 0 8.75148 0 0 3.53157 6.03016 0 9.07891 5.98212 9.77911 7.20636 0 9.80936 1.0494 5.6333 9.52454 6.49468 6.34589 7.21149 0 1.25311 1.82218 7.88291 5.39102 7.8208 0 2.79181 2.38727 6.77849 0 0 2.49716 1.92016 5.1529 1.17663 8.75616 0 9.10532 0 6.42008 3.31895 3.08261 0 4.78806 0 9.0129 1.07115 8.79313 5.37162 0 0 0 1.98758 6.91191 0 5.37659 4.8034 3.44033 1.84782 2.75268 9.11689 8.0406 6.09577 8.00397 4.89541 9.31501 2.77264 2.57368 0 4.87678 0 7.57815 2.79607 0 0 0 0 6.42753
0 9.68565 1.72325 5.98422 7.46686 5.60555 1.24124 4.26413 5.54258 6.8109 3.6118 1.84062 4.00405 1.41941 8.0622 6.34148 8.8335 4.66279 1.06604 7.26634 1.0991 6.32794 0 6.81274 9.18658 8.01035 0 3.16714 4.30465 0 1.54508 5.47748 4.01405 9.50523 6.10975 5.97521 4.75068 8.72721 2.42443 8.11085 8.38653 5.07481 5.94436 9.95912 4.32659 3.21133 9.36766 6.69911 4.11858 7.77984 0 4.98776 3.71972 0 8.48267 0 1.15277 7.82066 4.66693 0 5.58188 8.64423 1.80407 5.15314 2.56603 5.45266 4.85773 3.83143 0 1.99134 5.96792 7.05695 4.2544 4.00579 7.48837 7.29632 3.65473 7.12501 7.7988 0 5.46093 5.4489 4.95211 3.07961 1.52805 6.4707 8.79674 1.71128 7.56561 8.77178 2.37884 4.90544 2.78875 9.79404 0 9.43181 1.0508 7.37043 1.13043 4.34943
0 4.82952 6.67622 7.8609 5.42578 0 8.63099 3.21533 6.49895 3.65972 2.59196 7.16105 9.71197 0 1.47625 5.01827 3.31311 7.67205 7.97631 0 6.95435 0 6.28393 0 0 0 0 0 9.78209 0 0 5.54071 3.24248 0 1.0595 0 8.72447 0 4.69747 0 0 3.44289 0 0 0 4.18111 2.28612 1.86379 0 7.22828 0 6.64175 9.65003 9.59531 0 0 8.60078 0 4.18082 8.81006 0 2.77546 0 0 0 0 7.58424 5.08696 6.11044 0 9.22382 0 6.14561 2.98381 0 5.7195 0 0 0 3.58903 2.02112 8.30081 4.30345 8.31954 0 0 7.47005 0 0 7.62656 0 4.50168 3.38267 0 0 7.69666 1.87792 5.36749 0 0
0 6.12091 0 6.48387 0 9.73469 0 0 0 0 4.60255 1.89399 0 0 4.64317 5.34004 0 4.84151 0 0 0 0 1.73273 0 0 0 1.45088 2.94013 0 0 4.85573 0 3.8713 0 0 0 0 0 1.53689 0 0 6.72491 0 0 3.79568 0 0 0 0 0 0 0 0 0 6.32753 0 0 4.00081 0 0 1.17115 0 2.12534 8.15903 4.42406 0 5.33979 0 8.97376 0 0 0 0 0 0 8.33733 0 0 0 0 0 0 0 0 0 0 0 0 0 8.97121 2.28647 0 6.47873 0 0 0 5.28418 0 0 2.74379
0 4.70642 9.09892 8.09357 3.40925 9.24236 7.42229 5.06956 3.75227 4.27255 1.75192 8.42415 3.94026 6.63922 8.02083 9.10767 8.84103 7.66138 4.92196 6.09226 2.96918 5.73336 2.98947 8.48248 8.53586 9.19625 4.88495 4.22416 8.30668 6.0201 9.93579 1.99558 0 5.44579 9.10849 6.66897 7.84659 4.07502 9.60542 4.9567 4.0535 9.28297 5.61603 2.90278 7.74398 5.58777 6.37653 4.70672 5.09406 5.95061 8.31997 3.15522 7.00205 7.97307 2.47077 8.33232 6.05403 2.26708 7.60081 3.41126 4.50139 8.09833 5.10699 1.42355 5.81645 6.21085 4.75085 8.4756 6.66754 9.19664 4.46462 2.88154 8.12453 8.38113 7.15935 9.58615 5.58558 1.56966 6.12292 8.03428 8.2323 8.01643 7.85957 3.55281 9.54777 6.76139 3.49313 4.88741 6.59122 8.34436 1.68197 5.98878 3.10811 1.43382 2.87604 9.80611 1.93376 2.20901 5.18761 8.77823
0 6.42107 0 6.10391 2.21009 2.58664 2.61809 6.29364 8.79566 4.83186 2.38399 6.12508 7.28547 0 3.64627 5.81523 0 0 3.415 0 0 8.37241 2.73348 5.16691 9.90575 8.16662 3.62982 8.94448 9.17388 9.26267 8.81078 9.38942 5.0247 0 1.8166 5.80514 8.9506 7.96064 2.95044 6.38955 7.93555 8.75771 1.66399 9.95707 8.45589 0 2.97885 0 7.57003 0 1.76194 4.174 0 5.92237 9.80245 4.01811 3.92753 1.05092 9.57565 8.74746 7.02734 4.48091 9.4959 2.31427 5.18617 7.13972 2.57912 3.528 8.54871 3.72999 3.50116 0 7.284 9.91991 7.05733 5.98167 8.79 4.45345 4.951 2.20673 3.02673 1.33943 5.96871 8.00808 4.61573 5.56073 5.20002 9.23942 2.25971 0 5.47902 1.5311 6.41054 6.02409 1.31499 0 9.30674 5.02743 0 0
0 0 4.85337 4.31905 7.38279 7.52523 6.77431 3.14026 8.94878 7.64024 2.60009 5.03409 1.62698 1.4205 5.05626 5.81457 8.64175 3.69599 6.9378 9.94977 3.48289 0 7.84089 1.76727 7.92988 5.28677 9.14509 6.51476 4.40954 8.85679 0 4.15331 5.70717 0 0 1.66374 0 7.80205 3.93358 0 5.69103 6.16898 1.99896 1.87423 9.01456 5.05909 9.548 6.85841 0 1.50418 4.09306 4.75803 6.51534 3.30822 6.16607 7.16367 3.41144 1.96369 2.6029 9.24285 0 1.03521 7.01269 4.67668 0 1.40029 8.66729 8.73695 6.45499 2.39519 9.45385 9.54506 0 5.83927 8.18779 1.55997 7.35281 6.29369 4.22806 6.36167 9.53065 1.20409 0 2.28968 7.74221 1.59819 0 0 5.25644 5.50861 5.92132 4.68779 5.38548 8.48938 6.27752 8.0657 8.32854 2.90944 0 0
0 1.77322 1.39959 0 3.01855 2.27129 3.22056 0 6.49892 9.91187 0 2.66617 1.90794 0 6.11379 6.22334 0 0 0 9.9246 1.13022 0 5.29996 4.30473 4.32888 0 8.31171 6.43577 6.69559 0 9.05549 0 5.27008 3.06932 4.59327 0 4.45728 8.71275 9.52935 3.88622 7.34589 7.07506 7.75173 4.07559 2.54801 5.86952 0 7.56031 0 2.56144 0 9.59081 5.36745 4.21808 3.43964 2.28387 0 0 8.05466 4.14374 0 9.82331 5.22495 7.88678 9.95974 7.38163 2.52738 9.18055 0 0 9.90945 0 5.63603 0 0 7.42664 0 0 7.5761 0 1.46453 9.61584 3.411 8.39294 8.53812 0 0 0 3.23595 7.85555 0 0 3.36467 1.93346 3.7094 0 8.74033 4.5237 3.2867 0
0 4.35007 0 4.76036 5.03784 4.36377 9.10498 2.13632 5.64779 4.90791 8.4793 9.04572 3.60646 1.92388 3.58572 2.75062 4.16941 0 3.51234 5.61808 7.39879 8.68626 7.7232 9.14666 6.4617 6.59949 8.3376 0 5.84169 2.44555 7.37756 1.06464 5.48294 1.90461 9.66633 6.66879 0 9.22436 6.46106 2.90099 1.99308 2.51698 6.15906 1.62779 1.92928 7.96102 8.60055 5.94736 7.96214 6.43547 2.84873 1.63221 6.15965 1.17071 3.79044 5.72528 4.57716 9.4138 9.92635 0 8.71278 3.46528 2.9922 6.21756 1.77427 4.16351 3.68713 8.14175 4.11388 3.73372 7.33065 8.41077 2.38591 9.45206 9.58048 7.4515 7.07409 3.16485 0 0 7.57775 5.14914 0 3.63592 1.53985 4.42681 4.55919 1.42329 2.48908 4.70955 2.56137 4.75099 7.73773 4.22366 0 3.69556 9.41983 5.9273 9.64621 8.11748
0 4.53376 0 2.80513 3.3712 7.54217 6.88669 0 9.47889 3.21744 9.58586 1.29725 7.87867 7.95074 8.19627 8.24332 4.61157 5.34525 6.38237 6.62877 1.78318 9.33962 5.37342 2.27454 8.30056 7.32138 7.82472 9.83934 5.72912 1.49972 9.98131 5.39212 9.92119 5.20421 7.00802 0 0 0 5.18001 4.54963 1.87756 5.97073 0 1.47746 2.35966 4.30834 4.00282 2.61329 8.03799 4.37589 9.92431 9.45496 5.39253 9.38297 6.5711 5.45479 0 0 3.03021 0 2.34109 2.98197 5.99768 2.44369 2.88003 8.04155 9.17202 9.96383 9.15955 7.72209 4.91874 5.86018 4.69397 4.43474 0 5.61292 3.12491 0 4.89398 4.41821 9.5246 8.21695 6.08083 2.87621 8.87287 0 0 2.99425 0 2.12444 3.19921 9.168 3.14713 9.81457 9.52745 1.78796 0 8.21097 8.92251 9.95933
0 0 0 6.51511 0 0 0 0 0 0 0 0 0 0 0 0 0 0 0 0 0 0 0 0 0 3.63863 0 0 0 0 1.31519 0 0 0 0 0 0 0 0 1.45076 0 0 0 0 0 0 0 0 7.3298 0 0 0 0 0 0 0 0 0 0 0 0 4.92009 0 0 0 0 0 0 0 0 8.19445 0 0 7.73388 0 0 7.71595 0 5.41686 0 0 0 0 0 0 0 5.6087 0 0 0 3.81405 0 0 0 1.79005 0 0 0 0 0
0 0 3.68518 7.21864 2.26571 0 5.11789 4.42374 3.68521 1.64584 7.4194 5.02589 4.52096 9.61148 1.95794 8.28061 4.82918 9.90173 1.86213 0 0 1.27454 1.23376 0 0 4.28532 9.80397 7.2394 7.51005 8.68947 7.61893 4.54293 8.84841 4.28886 7.06063 0 9.36613 3.88085 6.15018 0 7.93184 0 4.91499 2.85458 0 3.06887 7.32787 4.11308 1.49505 1.92167 8.2786 2.88831 8.08983 5.81511 4.01874 1.99137 5.06657 6.01359 0 0 9.2561 3.79758 1.71182 4.47072 0 8.58607 0 5.89058 0 8.42461 4.54079 1.79271 0 0 1.75162 6.32088 6.51195 9.86206 0 1.47384 3.40616 3.57112 7.42218 3.24242 4.59749 8.89175 5.15362 4.33281 1.48994 7.18431 7.49178 6.86489 0 0 1.76132 5.85544 6.20863 6.14106 0 1.46631
0 0 1.01404 5.31578 7.85996 5.33266 2.8555 0 1.78118 9.78185 0 0 0 5.20497 7.92528 1.64599 5.89664 0 8.07123 0 0 0 4.14368 2.11633 0 1.51315 0 0 6.12332 8.85462 0 8.28867 3.08047 0 0 6.82738 0 0 0 6.25796 0 2.12829 7.80808 7.62332 0 7.64022 8.37596 3.23231 0 0 0 8.71429 0 4.54726 1.51936 2.02428 1.98556 0 0 8.8329 0 6.01097 8.03948 8.41807 0 1.75796 5.6856 0 3.77143 0 0 0 0 0 9.20908 0 7.78847 8.40037 6.89579 6.04071 9.70601 7.62541 0 7.37984 8.62772 0 0 2.93126 2.19866 1.29668 0 8.74496 3.50681 5.04665 7.11406 0 0 2.82208 2.62074 7.03652
0 0 5.43052 0 0 0 8.37273 8.92845 0 0 2.43933 0 9.41189 0 4.25794 0 2.84216 2.30468 8.54132 8.41541 0 8.07907 1.58367 0 3.01429 2.0219 0 4.21532 9.85493 7.86405 5.72789 0 1.70541 9.70149 0 0 7.28778 0 4.83088 0 7.43082 0 7.1961 0 0 0 7.13899 0 6.26866 0 5.63487 0 0 7.37477 7.51251 5.63293 0 0 8.91108 0 6.5696 4.90066 6.16285 0 5.68539 0 0 4.02035 2.44764 0 0 8.96608 9.45202 0 0 5.22923 1.1044 9.79312 0 3.82544 7.54885 8.74178 0 1.16997 1.40474 7.01357 0 9.64535 0 0 0 5.61278 7.22696 2.57233 0 3.19476 0 0 8.67245 0
0 0 0 0 0 0 0 0 0 0 0 0 0 0 6.22659 0 0 0 0 2.839 1.13949 0 0 0 0 0 6.4044 6.09457 3.29347 0 0 0 0 0 7.62712 0 0 0 8.35229 8.33165 5.72467 0 0 6.66589 0 0 4.70204 8.8415 7.22614 3.30166 0 5.45188 0 0 0 0 0 6.19347 0 5.28567 5.87991 0 2.63405 0 0 0 4.55803 8.78811 0 1.95674 0 0 0 7.64321 0 4.46894 5.41744 9.5753 0 0 6.04963 0 5.93821 0 6.76589 0 2.4323 0 0 0 0 0 0 0 1.51388 9.50058 7.98524 0 0 0
0 7.43878 1.34512 0 5.8915 0 1.67905 0 0 0 7.43597 0 6.46893 0 5.0027 0 0 0 0 0 0 0 0 7.53216 0 9.33139 0 0 0 0 3.37257 0 7.08924 0 2.80412 0 9.40058 7.63535 0 2.97576 9.32089 0 0 0 7.52871 0 0 0 1.41191 0 0 1.54592 0 0 0 0 4.10266 1.7703 0 0 0 7.31407 6.56018 9.40084 0 9.00868 3.78984 6.17763 0 0 0 3.54676 7.98522 0 0 9.80738 1.38131 0 0 2.87322 0 6.57856 8.90541 0 0 0 0 1.72524 4.64876 2.49553 0 9.60457 0 0 0 0 0 0 0 0
0 0 0 0 3.11351 0 0 6.30633 0 2.95963 0 5.40533 5.68612 9.77259 0 0 0 0 4.30984 6.61023 0 0 8.77493 0 0 3.07697 2.72261 0 0 0 0 0 0 0 0 0 0 0 0 0 0 4.51557 0 0 0 8.99715 6.65934 0 3.18165 2.42663 0 0 0 6.73004 0 0 0 0 0 2.26299 0 0 0 7.41726 9.6369 3.71362 0 0 0 5.42471 7.02028 0 0 7.97232 9.76741 0 8.17895 0 2.12665 0 0 0 0 0 0 0 0 4.78161 0 0 0 0 0 0 0 3.82965 0 0 0 3.04322
0 0 2.68802 4.48405 0 0 3.9878 0 0 4.84191 3.55762 3.0664 8.79442 7.21177 0 9.85988 9.56457 8.12578 3.81201 0 8.41145 5.14212 7.23946 3.50123 8.58672 4.38827 4.58431 4.44917 5.20813 9.31083 6.705 0 9.59936 0 0 0 8.90582 2.9498 8.88956 0 0 0 0 2.77965 0 0 3.7569 5.58501 3.91137 5.85725 0 1.7778 1.24151 3.91467 5.48375 7.92981 2.99368 7.60476 7.82377 1.06526 8.94939 6.84093 4.02774 3.0267 0 2.45359 7.95204 8.40935 5.02296 0 9.00237 4.66455 7.4301 2.99716 0 2.37403 0 1.63976 1.70212 3.10499 5.87365 6.67459 5.72056 7.55528 6.67734 0 3.81342 9.22815 8.69117 0 4.91787 0 8.51344 1.69876 2.91355 2.67991 9.93608 5.45184 7.55506 6.77515
0 1.03958 5.38332 7.84603 9.68532 2.52137 2.44161 6.58746 6.81388 2.96706 9.86572 9.5054 9.53584 8.96678 0 6.24103 7.34862 9.43245 9.43684 8.60338 1.39752 6.84573 6.88542 2.5136 0 1.90629 1.87124 4.5239 4.70465 1.60635 2.64569 9.19713 1.15813 3.62859 8.81118 2.0394 3.72702 6.63456 0 7.36272 2.02576 6.38456 7.89635 1.62173 1.37192 1.94067 0 5.61946 8.02896 8.66743 4.75354 3.48122 0 8.64868 5.42728 9.9391 7.2924 2.97561 3.6161 6.3387 1.37993 1.52453 8.46748 9.29515 6.55378 0 7.95366 0 0 9.75852 2.93483 4.70099 8.74405 6.36441 1.26147 7.78519 8.33124 2.01364 2.62015 0 6.9321 7.11621 4.76235 1.67924 4.83487 9.42424 4.74754 7.89458 3.08176 4.24192 8.02048 1.75883 3.45243 6.42263 4.41832 5.2135 3.25413 0 0 7.70003
0 9.2172 0 8.50885 4.09752 0 2.2587 8.36233 0 8.8063 1.71611 0 1.75033 7.05011 6.41877 2.1381 0 0 9.16408 3.89727 0 7.95918 0 1.89929 2.12028 0 0 6.34479 8.40231 1.80358 1.69242 0 0 9.05906 9.40116 4.67136 8.87709 0 2.11979 0 9.24688 5.74264 5.58727 6.88312 8.47663 2.2498 4.57145 0 8.61383 1.36425 1.52487 9.14703 0 1.645 0 7.00706 6.82933 7.51577 2.99451 0 0 0 4.79042 5.84792 6.08574 7.21256 6.54542 0 9.74516 5.16958 3.86707 7.25131 0 0 0 0 9.20319 0 4.81941 7.84394 4.93649 4.76639 7.2168 0 5.15278 0 4.34548 8.33064 0 6.94204 0 4.00817 2.65874 1.51261 2.19681 7.74518 0 0 3.73869 0
0 0 0 0 0 0 0 0 1.51343 0 0 0 0 0 0 6.10727 0 0 0 0 0 0 0 0 0 0 6.63836 0 6.45497 0 0 0 0 0 0 0 0 0 0 1.79499 0 0 0 0 0 0 0 0 0 8.5736 0 0 0 0 5.0826 0 0 0 0 0 3.42211 0 0 3.18257 0 0 0 0 1.84872 0 0 0 0 0 0 0 0 0 0 0 0 0 0 0 0 0 0 0 0 9.71092 0 0 0 0 0 0 0 0 0 0
0 0 0 0 0 0 1.62798 3.12595 0 5.27753 0 0 3.12076 0 5.35999 0 3.62862 9.91947 2.88325 5.76441 0 0 0 1.18471 3.14767 9.56431 5.49219 9.10039 7.41534 0 0 0 1.14845 0 0 0 4.16912 0 0 0 6.86253 9.08106 0 0 0 9.76647 3.15739 0 0 0 4.73855 0 0 2.78181 0 0 0 0 0 7.84707 0 0 0 1.55828 0 3.4034 9.19705 7.36838 7.99805 5.79172 8.85992 8.00999 0 0 0 0 0 0 0 6.33511 0 0 0 5.20635 0 0 8.06126 0 0 0 9.90374 9.03924 0 0 0 0 0 0 8.73825 0
0 0 6.01375 0 0 7.43962 9.95048 6.19882 9.80972 8.35967 0 1.58127 6.20791 0 6.08664 6.75996 2.39428 0 7.55087 5.04597 2.41903 0 9.68814 5.37856 0 0 0 0 5.58699 9.65349 0 7.79384 6.34588 3.01658 5.10365 8.48269 7.88084 0 1.4275 0 3.62015 4.78131 7.69828 0 0 7.02694 3.8922 6.93685 2.55935 8.78938 0 5.21126 0 0 9.52297 6.66213 7.2128 3.69002 8.85854 9.75199 3.20325 0 5.85969 0 0 0 4.44074 0 1.66429 1.12133 4.83341 1.7831 7.74956 6.15224 3.93688 1.60856 2.12049 7.47478 0 2.7023 0 1.0092 7.6351 8.75127 7.22956 3.85036 7.38533 2.23031 0 5.32406 0 2.66557 1.85698 7.62536 1.49428 2.73558 8.91179 0 0 4.19484
0 9.73974 0 8.824 8.33561 9.95602 9.57878 8.28861 3.76299 6.89613 7.90986 6.31988 1.56124 4.75204 7.12892 3.58732 9.62902 5.48384 8.84848 2.07596 9.45263 2.33191 0 5.55258 6.83249 0 8.95932 7.26197 7.59767 3.8236 7.08295 2.68116 9.59422 7.11957 2.00772 4.02888 6.86065 1.55744 6.59062 0 7.08618 1.94313 0 4.49742 6.0915 3.72469 5.61841 1.06967 5.37061 8.47775 3.56589 0 2.60495 3.51457 1.13244 5.71711 3.02412 8.58605 4.05353 7.19875 6.27761 6.39166 6.59514 2.5636 3.22894 5.17005 1.31562 6.6228 5.39541 5.41323 8.58822 0 3.33097 4.28242 8.73759 3.22009 4.59529 1.62041 9.99966 3.08894 2.48313 2.52377 8.27761 3.94972 6.86539 6.18215 8.33124 0 7.57814 0 7.13246 9.53097 0 7.19126 0 7.26033 2.4815 4.47539 4.60839 9.35089
0 0 8.2342 0 2.57212 7.13908 0 8.34848 1.32998 9.46645 4.55935 0 0 2.56132 1.53313 7.8998 9.7073 4.16658 6.00426 5.90222 0 0 0 0 0 5.12803 0 1.10992 2.59793 3.30894 4.93131 2.80041 0 0 0 1.08743 0 0 0 0 1.98269 4.92905 2.17015 0 0 9.57245 7.86564 0 0 0 8.92396 0 0 6.14489 4.20364 0 4.2359 1.42743 0 4.74578 3.25016 7.04686 1.16559 9.46809 5.11757 0 0 0 5.04087 6.14513 5.63651 9.00143 4.51377 0 4.27018 2.51338 0 0 0 0 0 0 9.12362 6.27683 5.13318 5.72485 5.60412 0 0 7.84477 0 1.40785 6.27562 4.6173 2.46706 5.79167 0 0 0 0
0 7.37909 4.33127 0 9.29034 7.22916 0 9.16253 8.62951 0 0 8.96254 4.70656 0 3.24838 0 2.08468 5.27337 3.8457 1.90861 6.65558 6.5764 0 0 8.39859 1.21273 4.12249 1.9548 9.95068 3.97133 5.2943 0 4.03802 7.77666 0 2.45758 7.41757 9.51483 0 7.97545 7.33521 4.14806 5.5754 5.30571 8.98392 0 4.75958 0 4.7782 7.3835 0 0 9.40479 0 1.29748 3.16055 3.09317 0 5.04163 5.9645 1.64324 3.95259 2.87651 9.34611 0 0 8.23678 1.66963 0 8.65128 0 0 0 5.68065 8.99476 0 5.58001 6.97879 0 9.5518 0 0 9.6218 3.18085 6.58443 1.00191 0 5.47677 1.47554 3.30326 9.68182 0 2.10351 4.03296 5.61491 0 5.8734 0 8.65086 7.69969
0 0 6.37026 0 7.63286 0 1.95154 0 0 5.65362 0 0 7.72664 0 0 0 0 9.10364 8.74472 0 0 5.6026 0 0 0 0 0 0 3.67341 6.67382 3.90948 0 0 0 0 0 0 0 9.61777 0 0 0 0 0 0 0 0 0 0 0 0 0 0 0 0 5.48632 1.14245 4.87825 0 0 0 0 0 0 0 9.60564 0 8.67382 5.38571 0 0 0 0 0 0 6.51776 0 0 2.86926 0 0 4.03504 0 0 8.72968 0 7.34307 0 0 0 9.48596 0 5.36183 0 8.18754 9.22795 9.61823 0 0 0
0 9.26889 0 0 9.69565 7.9484 5.58891 5.23553 9.95812 9.10406 2.04011 8.67392 0 4.42821 0 3.62664 3.01473 6.41313 2.65521 0 9.76731 1.83338 0 8.7378 7.65544 2.81779 2.30701 4.89401 0 5.46875 6.79414 7.22831 9.62053 2.30775 2.53783 0 9.19719 2.01008 8.83911 9.50762 5.52272 3.68621 6.54379 5.04922 0 0 3.30549 8.42082 0 1.90481 9.83452 5.89468 0 7.06978 8.88353 0 7.73463 1.43625 5.03947 2.26921 9.51945 3.68935 9.96124 3.58664 3.93719 9.92799 6.43004 6.44377 0 9.0517 6.06909 1.8715 8.00277 0 5.35591 1.56587 5.53546 0 4.62559 3.02002 2.98882 8.13004 0 4.41672 2.69898 6.23621 9.82327 9.37331 1.3535 4.71029 6.16567 2.17575 9.17426 0 8.07173 6.35853 2.40913 7.58068 6.07061 5.46498
0 6.81785 4.44508 0 0 9.10079 0 0 5.30717 5.30008 8.35044 8.17823 3.8444 5.1607 8.28987 9.66469 0 0 9.28234 5.30975 2.76923 4.68946 0 9.25856 3.37462 8.71936 2.89352 8.38953 4.40351 5.2785 9.72937 8.77056 4.26807 1.25382 8.17155 8.87388 8.35944 8.0778 4.74959 4.28511 6.88197 5.06548 8.80509 0 2.75294 6.04847 7.6884 0 0 5.62007 6.73437 5.0891 9.05159 3.18578 7.67557 6.75073 0 9.01664 0 0 2.2245 5.34461 8.36788 1.71786 4.82741 4.07432 2.12213 8.69708 2.72033 1.87624 5.43199 3.73897 1.44328 0 4.28972 2.83904 6.34275 9.82102 4.1701 2.22067 3.55412 4.94971 2.98726 3.81365 9.72302 6.67936 5.9504 6.14873 5.89647 6.80888 3.77339 9.515 0 4.39725 9.40574 9.17008 9.73224 3.8594 2.40433 0
0 0 5.96485 0 3.3765 0 3.13357 0 0 5.74318 6.7659 0 0 0 0 6.77144 0 5.9227 0 0 1.24278 9.52804 0 8.7598 9.64519 6.98708 0 3.6556 0 3.81749 0 0 2.95501 4.49214 0 4.54719 0 8.43268 7.92042 0 3.359 5.57673 5.6403 8.43033 6.54643 1.5977 9.77247 1.3998 8.60279 0 6.84571 8.21695 6.90547 0 6.8942 0 4.16031 0 8.57836 6.39327 7.30292 4.19711 7.00818 0 0 1.34161 2.93208 0 0 2.36414 0 2.01118 2.66725 3.11603 5.29237 0 0 0 0 2.95035 0 7.25666 7.90055 2.89973 0 8.28796 8.19911 1.10068 9.88284 8.13564 5.23266 1.38502 0 0 0 2.8143 0 4.70941 2.80311 8.39948
0 9.05517 0 3.40702 0 5.77492 0 0 4.43768 0 0 0 0 9.30629 7.39682 3.94698 0 0 0 0 0 0 0 0 0 0 8.22395 0 0 0 0 0 0 7.47144 4.73884 6.28766 0 7.1315 0 0 1.00004 0 0 8.64222 8.42847 0 0 0 5.89638 0 0 0 8.7765 0 9.90193 5.29049 0 0 0 2.91476 4.93132 5.80506 1.47385 6.70669 3.17359 0 0 1.05895 0 0 0 0 0 0 0 0 5.49873 0 0 0 0 0 0 3.19548 0 0 0 0 8.36202 0 0 5.81373 3.93181 5.5555 0 4.04629 1.72678 8.46875 2.94083 5.07831
0 0 5.78455 0 0 0 5.9617 0 0 2.64051 0 0 0 6.52472 3.27756 0 0 5.46354 0 0 0 0 0 0 9.44149 0 5.04416 0 0 0 0 4.45321 3.37264 9.1078 0 0 1.47076 3.88711 0 8.85198 0 9.29028 0 0 0 0 0 0 4.34563 0 2.15905 7.96101 0 0 0 0 9.43563 0 0 0 2.17385 0 0 0 0 0 0 0 0 8.77077 0 3.14648 0 0 0 0 9.06319 0 0 0 5.16225 0 0 0 0 1.80661 0 0 0 0 0 8.68632 0 0 0 6.62244 0 8.36265 0 7.82954
0 0 0 0 7.22073 0 0 0 3.71351 0 0 0 0 1.18384 0 0 0 0 0 0 0 0 0 5.14678 9.59091 0 0 2.55049 7.52779 0 0 0 0 2.72973 0 0 0 0 0 0 0 0 0 0 0 0 0 0 0 0 0 0 0 0 0 0 0 0 0 0 0 3.47129 0 0 0 0 0 4.75882 0 0 0 0 0 0 0 0 0 0 0 0 0 5.91076 0 9.40541 0 0 0 0 7.9225 0 0 0 0 0 0 0 0 0 2.87168 0
0 9.99695 6.99717 0 0 0 0 0 3.03848 6.88759 0 0 5.55226 2.47005 7.56048 8.98193 0 4.94375 2.27752 8.20697 4.03958 2.3163 0 0 6.73371 6.08142 0 0 0 0 0 8.74509 2.44832 6.38503 4.5121 0 4.31791 3.2367 8.84509 6.69087 2.35999 0 0 2.47078 3.06723 8.29454 5.14104 5.27324 4.85291 7.39415 4.51266 0 6.06081 9.35025 0 4.84484 8.628 2.97453 0 3.24299 1.23932 0 4.72864 0 0 0 0 8.74116 0 5.42948 5.68213 0 8.43251 0 0 0 0 9.72478 0 8.0012 2.9572 0 1.12947 0 0 8.78604 8.56866 0 6.55993 0 1.46459 0 6.5612 6.29204 0 0 0 6.59651 0 3.2538
0 5.26445 3.97556 4.61892 9.80982 4.25295 8.09317 6.68263 8.76624 8.38117 1.59143 8.60358 7.30633 3.43228 1.82801 7.81601 5.46557 8.17337 1.38617 2.28816 3.81509 3.34431 2.14893 6.67437 9.09534 6.94576 2.27794 8.44464 3.83474 6.95839 7.47012 4.48692 5.42286 6.1864 1.57133 9.42713 1.80564 1.40965 4.70161 3.05446 2.84316 4.0611 7.27355 2.70196 5.99806 3.41609 8.37705 2.85743 1.69874 0 0 1.55426 2.4615 0 7.76777 4.90233 9.047 3.44805 6.09079 3.85686 4.85258 7.87458 0 7.38838 2.31589 2.19372 5.54683 8.905 9.58928 1.52885 9.31521 0 1.23525 6.74703 5.8816 1.99954 0 0 2.44216 6.46183 9.4892 6.27139 2.46539 2.8234 0 8.77536 4.64155 1.72428 0 8.65057 5.19124 3.00336 7.37067 4.3644 3.12931 1.69477 0 0 8.52667 0
0 9.23918 0 1.78289 2.86875 0 7.75204 7.46249 6.39896 3.03019 3.01842 5.71893 3.84405 3.13409 0 7.8473 5.34826 8.93433 8.81974 7.1842 9.77758 4.86019 3.84376 1.36086 8.78999 0 3.18599 0 0 0 0 5.0493 2.08073 0 7.21911 0 4.63813 2.72987 0 0 8.82775 9.366 5.29583 0 9.78664 0 9.97618 1.32247 8.05932 7.25327 0 9.73484 0 3.29296 9.27626 0 5.42445 0 3.77685 0 0 6.05098 6.5879 0 3.1592 0 3.15686 3.23908 9.04707 0 1.46481 0 0 0 0 6.90779 0 3.6105 0 0 2.00833 0 2.74194 8.25438 0 0 7.31509 2.93546 0 0 6.36092 0 0 0 7.05685 0 9.79434 7.88049 2.92809 2.33748
0 0 0 0 0 0 0 4.96849 0 0 0 4.36835 0 0 3.7543 9.25479 0 0 4.13931 2.36647 0 0 0 0 0 0 8.84676 0 2.72167 0 0 1.97988 0 0 0 0 0 0 0 0 9.68584 0 6.23542 1.77827 5.69718 0 4.12334 0 1.20389 0 0 6.82875 2.73396 0 0 0 0 0 6.85113 0 0 0 2.17314 0 0 3.85786 0 2.01045 0 0 0 3.04785 0 0 0 3.33355 3.86973 7.22497 1.60183 1.64371 0 0 0 1.40284 5.18432 0 1.84445 0 0 0 0 0 0 0 0 0 0 6.51262 0 0
0 5.59842 0 0 0 0 0 8.25287 8.76016 0 5.40393 0 0 0 6.18394 0 0 2.98225 0 8.53367 0 2.69987 0 0 8.2504 0 0 0 5.42833 2.88781 7.44832 5.86747 0 8.59434 0 0 0 0 4.34585 2.3149 0 6.133 1.50647 2.11429 0 0 0 3.05192 0 8.39295 0 5.99436 4.59846 8.86785 1.53912 2.61064 3.17021 0 6.39107 0 3.52317 0 3.38373 0 0 0 6.86853 3.55499 0 2.73667 0 0 8.73705 0 0 9.59518 7.55918 2.73244 5.75512 0 4.98497 0 0 0 0 4.76983 1.29733 1.22946 0 9.54633 0 0 0 4.85958 0 9.61116 0 0 8.51098 6.43256
0 2.24219 5.98844 3.05718 6.22358 6.19301 1.31287 7.31559 9.87235 1.98602 2.56859 7.76966 1.75497 3.32071 9.97124 0 5.28015 1.035 6.51672 9.55092 0 0 0 6.12145 9.13466 6.81724 5.75819 5.12218 4.65721 0 4.16181 2.07082 0 0 0 0 0 1.52002 0 0 6.78915 6.75444 5.60248 9.93154 8.6329 0 7.18991 2.56049 0 8.22362 8.35824 9.68971 6.04419 9.2382 5.44855 6.26243 2.43066 0 9.1905 7.32586 0 8.75117 9.36614 0 3.33529 0 0 7.13212 5.07589 4.42892 0 7.72531 5.91149 6.97524 3.14673 2.56998 7.94472 9.87473 0 0 0 2.56958 0 1.84682 0 9.36958 8.06408 9.55891 0 7.81728 9.62356 4.39164 0 9.88652 2.18356 7.16975 9.48388 1.90866 7.5287 9.45873
0 0 5.36861 9.20815 3.77622 3.56461 8.27944 0 0 8.11327 0 0 7.16287 2.51624 0 0 3.07688 0 0 0 1.13185 4.26231 0 6.91883 0 5.53692 7.39099 4.05673 4.07463 0 2.0867 7.10506 7.1428 3.99422 4.14996 0 0 1.56392 3.75377 2.68796 3.78116 2.54758 1.24093 3.18107 6.02199 4.88566 8.3909 3.84478 0 3.82575 9.26839 1.00363 6.78703 0 0 0 0 6.64664 0 0 0 4.98989 8.8404 3.30965 1.78564 3.31704 0 0 4.48953 7.07828 8.67983 6.24887 0 9.85661 7.76411 0 6.91013 8.18621 0 1.91283 0 0 0 0 1.86745 6.12368 1.74999 5.40792 6.80731 5.44155 0 0 0 0 5.25168 0 9.80784 0 2.24001 0
0 2.85757 8.24166 1.35948 0 0 0 8.33559 0 2.40605 0 6.51721 0 1.75616 7.19899 0 6.42423 9.18566 6.03848 4.51353 1.68503 0 6.78579 0 9.90863 0 5.62757 0 7.9024 2.46937 4.02014 1.35493 4.83626 0 3.97173 0 4.93291 9.90997 0 0 7.9142 0 0 0 5.71946 6.78752 4.42362 6.15662 0 0 9.71629 9.86077 5.43446 0 9.92531 0 1.71558 0 2.25607 8.53776 0 9.7512 8.80401 2.17076 3.73772 0 4.8429 8.32458 0 2.3278 9.24771 0 9.3636 9.9365 7.47223 8.99633 0 0 7.98755 5.36021 0 0 0 8.52615 3.57431 5.91942 3.4183 0 0 9.36963 3.31451 8.50191 9.29754 0 5.09535 3.73872 9.44254 7.56095 5.2206 0
0 5.51738 8.62494 2.70004 0 3.30363 9.45709 0 0 0 0 6.58907 0 0 0 0 0 0 0 0 7.39665 0 0 3.53931 0 0 0 0 7.14346 0 0 0 8.54436 0 0 0 0 6.83545 0 0 0 8.62146 0 0 0 7.8052 0 8.89091 8.21076 0 0 0 0 0 0 8.0431 0 5.49191 6.80593 0 0 0 0 6.54597 0 0 0 0 0 0 8.61018 0 0 0 0 0 0 0 0 4.81944 0 0 0 1.67086 0 0 3.39144 0 0 0 0 1.80545 0 0 0 0 0 0 0 0
0 5.55767 2.17631 1.22226 2.20677 1.13962 8.3339 4.31804 2.64155 4.19291 4.78777 9.46467 6.56645 5.65996 2.95673 3.77427 2.47983 4.28953 4.52604 7.38474 1.32484 2.34167 0 5.64124 1.89667 6.50298 1.02853 2.33369 4.58575 2.8163 1.66501 1.00083 4.46157 5.6325 0 6.55523 0 2.57103 9.99851 9.83372 9.31651 7.7775 6.60053 0 6.09736 3.69323 6.44884 5.07562 5.9908 5.42352 1.39712 0 1.5799 3.59113 3.01665 9.81785 7.27677 6.19909 6.07164 6.9537 8.83478 1.31349 7.91253 9.64463 6.02149 6.06072 9.61604 3.49273 9.74031 0 0 9.59868 6.94048 9.84749 4.58832 5.22758 7.75868 9.98674 9.02892 0 5.67792 8.92106 4.96846 2.5013 3.58305 3.98493 2.61534 6.84744 5.7003 9.27612 9.11203 3.10108 2.54624 9.61287 9.77515 7.75354 3.90779 1.10114 1.1103 0
0 2.0841 1.14525 2.83331 0 2.23855 4.51114 8.97011 6.66217 5.81904 6.19675 7.88689 6.25865 6.28823 2.73195 6.60697 2.39199 5.23498 0 9.53947 8.213 2.60345 6.83211 5.04017 0 3.50513 0 5.55346 5.47534 5.88436 0 7.70913 1.85851 4.61104 7.93679 0 5.02222 0 8.12615 3.14541 0 0 2.98772 6.59026 7.42912 0 7.01199 0 0 8.22688 3.04974 0 6.41052 9.49947 0 0 0 8.86845 1.47986 6.25721 2.56283 0 1.08888 1.02453 0 0 0 0 5.92066 2.88147 1.1397 0 2.33336 0 4.28623 0 6.12682 4.09227 1.93638 7.07233 0 4.50477 0 8.02564 0 0 5.48149 8.57612 0 4.24249 1.2737 0 0 0 5.34706 0 9.09199 4.68241 0 0
0 5.79455 9.41506 6.87657 6.38478 7.01763 0 6.32222 2.39287 7.10302 9.30454 6.43522 7.00732 9.65286 2.43618 6.69801 7.68055 5.11635 2.20492 4.17863 2.61207 7.41441 7.23741 7.7786 4.27626 4.57758 7.11198 2.63771 9.05548 9.30468 1.69991 8.61098 6.40358 2.55957 1.7791 9.81366 3.5027 2.03805 5.85038 3.19965 3.57761 6.3885 2.16922 4.99952 9.4066 9.37372 3.92866 7.98696 2.16468 2.89746 8.35197 9.57006 9.95377 6.99125 6.31947 1.07849 8.78106 1.68341 4.55461 2.45082 3.8597 6.2714 1.04393 3.84739 3.00476 5.03113 8.44535 9.91309 4.92188 9.48677 5.88861 9.80822 0 4.6789 4.01721 7.73336 8.90224 4.64456 1.88041 5.97506 4.58565 7.48971 5.93917 4.3878 9.76266 7.61191 3.59537 8.03238 5.4882 5.53421 6.41722 8.81913 1.86646 1.00519 5.34964 5.67398 9.50413 8.19545 4.43037 1.00196
0 0 0 0 0 0 0 0 0 0 2.89159 0 0 0 0 0 0 0 0 0 0 0 0 0 0 0 0 0 0 0 0 0 0 0 1.0496 0 0 0 0 0 0 0 0 0 0 0 0 8.05367 0 0 0 0 0 0 0 0 0 0 0 0 0 0 0 0 0 0 0 0 0 0 0 0 6.84451 0 6.08409 0 0 0 0 0 0 0 0 0 0 0 0 0 0 0 0 0 0 0 0 2.47788 0 0 0 0
0 4.73884 0 4.73557 2.45076 8.07501 1.30729 7.1181 2.0638 8.35088 5.07196 3.91088 3.60774 4.58407 0 0 5.69032 9.74491 7.67305 5.96993 5.29902 4.3527 1.46199 6.03899 5.64545 8.94582 0 0 0 6.36369 6.57643 1.12238 8.57787 1.07928 6.36581 0 8.97322 4.13647 5.59208 6.82844 0 3.37054 8.02764 7.43256 8.35023 4.88391 6.58287 7.43301 3.32032 8.31021 7.06452 4.73753 0 7.74309 3.03181 2.68308 4.71652 6.40857 1.56261 2.41932 9.88612 2.62456 8.93267 7.09873 4.93283 0 3.51726 5.67102 6.248 0 7.44335 8.77541 9.59397 6.55687 0 5.39663 7.17718 0 7.47748 9.68241 8.43503 8.00172 6.00036 5.6994 2.71191 0 3.52874 1.79441 6.53913 2.87348 1.01577 9.59216 5.9732 0 0 0 3.25212 3.9746 4.14229 1.49458
0 0 0 0 0 0 0 0 6.9193 0 0 0 0 4.24445 0 0 0 0 0 0 7.79126 0 0 0 0 0 0 9.00076 0 0 0 0 0 0 0 4.93466 0 0 0 0 0 0 6.24718 4.98914 0 0 0 0 0 0 0 0 0 0 0 5.41143 0 0 3.14005 0 0 0 0 0 0 0 0 0 0 0 0 0 0 0 0 0 9.64986 0 0 3.24859 0 1.20822 1.14039 0 5.59572 0 0 0 0 0 0 1.611 0 0 0 0 2.92517 0 0 0
0 0 0 9.47087 0 4.26199 0 0 1.06336 0 0 0 0 0 0 0 4.11905 0 0 0 3.03928 0 0 4.24615 0 0 0 1.66507 0 0 0 8.57588 4.30763 0 0 0 0 9.03276 0 0 0 1.59603 4.13139 0 0 0 3.51465 0 0 0 0 0 5.61753 0 0 0 0 0 2.09816 6.65865 0 3.80201 9.68396 0 0 0 0 0 0 0 6.47993 5.93127 6.64507 0 0 2.13637 0 2.79781 0 0 4.25468 3.50607 4.27164 7.81952 0 1.81171 0 0 0 3.51071 8.08115 0 0 0 0 1.29118 9.02104 0 2.83332 0
0 0 6.05185 0 0 9.846 0 9.35852 5.34208 8.25351 4.07937 0 8.69889 0 2.54121 3.5449 1.76536 0 8.98681 7.14405 7.09872 6.13449 5.9195 7.55469 7.42895 8.73162 0 0 1.44244 1.27579 0 6.77305 0 8.81093 0 0 7.99725 0 4.33589 6.00451 0 6.32959 0 1.74038 7.71599 0 4.27326 0 1.84206 9.71524 0 4.37085 0 9.01377 0 3.60144 7.24734 0 9.00933 5.42081 3.41741 7.06753 0 4.09017 0 6.42584 0 3.21312 0 7.4737 0 8.20463 0 2.0577 7.61603 1.43681 0 0 6.66342 0 0 0 0 5.29367 1.72508 2.45413 2.77389 4.51443 7.86761 0 0 5.02846 8.12266 9.31234 0 3.3064 3.0151 1.24283 4.76054 5.58523
0 3.37863 0 5.107 1.46025 7.4306 7.51387 0 0 6.47688 5.78175 8.98733 2.5051 4.43298 8.64932 0 6.44425 0 8.73182 7.37548 6.2022 0 1.62911 2.54323 5.15648 3.50971 1.78086 5.95484 0 7.23719 6.72086 9.8199 0 0 0 5.28928 3.53096 8.49219 0 0 0 0 5.63162 5.63243 0 7.58797 7.54518 4.08934 6.56445 4.12367 0 1.84555 8.12649 0 0 0 9.83023 6.57017 0 9.61829 0 0 0 5.18372 0 8.94179 0 3.25288 0 0 9.74438 5.08534 6.60069 0 0 0 0 0 0 6.86128 0 0 7.45774 0 0 5.00927 6.71699 0 0 8.01637 0 5.18547 5.57817 0 8.59759 1.35643 4.24732 9.88213 2.96657 3.39625
0 0 6.37359 0 1.23744 0 0 7.60287 0 0 0 9.90897 5.61354 0 9.68706 9.89538 0 0 0 0 0 0 1.36915 0 0 0 0 6.85628 0 0 0 0 1.32367 0 2.95365 9.88994 0 0 2.05769 0 8.62269 7.10969 0 0 0 0 6.98174 0 1.6221 0 0 0 4.78383 0 0 0 0 2.8915 4.53495 0 8.86787 9.94997 4.77516 6.90912 0 8.8049 0 0 0 1.68921 5.69152 7.2782 0 0 0 0 0 2.26532 5.67965 0 8.22766 0 2.57423 0 0 0 0 0 0 0 4.07704 0 0 7.45465 0 0 0 0 7.77801 0
0 6.2736 3.23241 5.22538 9.93858 3.12289 8.91601 2.21608 8.70258 8.92558 8.30174 1.2623 0 5.56512 9.37427 8.95484 7.24499 3.00874 0 8.18469 8.58082 2.74775 4.67603 1.15094 1.18359 7.56187 4.34223 7.36035 7.80238 4.79956 5.05933 6.46071 6.39464 6.60597 9.86255 6.64084 6.25033 3.97001 8.56265 2.5717 7.47188 6.2581 8.15964 6.78783 7.39261 4.45117 9.74019 5.73044 2.18715 8.47616 3.44383 6.8134 3.94103 0 3.45705 2.14875 4.84964 1.87777 3.36049 0 0 0 3.53223 0 3.85026 9.5484 1.23779 3.60822 1.45989 6.12692 0 1.97336 7.48734 2.82087 0 6.1123 3.27144 1.28715 2.01278 0 0 5.28789 9.60717 6.03746 2.58373 0 2.41553 3.29515 7.90091 1.73558 2.32374 4.256 3.0533 5.61058 9.30726 9.16715 5.39447 0 2.64715 5.05011
0 9.06694 0 1.37279 3.69882 4.1299 8.69413 1.21914 0 5.45106 0 7.43005 0 4.66838 1.56372 0 0 9.90687 1.24763 0 1.11245 5.57107 0 5.97416 0 3.29653 5.3513 9.37219 0 0 1.52815 5.71288 5.64867 0 9.87486 0 2.64277 7.39307 0 0 7.04492 0 7.27666 3.82505 7.91118 0 1.84809 0 0 7.03278 8.94952 3.42036 6.65528 0 0 0 0 8.8463 2.53359 0 3.92135 2.36861 4.45445 0 0 0 3.33678 0 0 0 2.54812 6.87075 7.26737 5.13605 0 7.0358 2.0236 0 8.0509 9.2579 1.6989 0 2.82925 0 1.24648 2.83639 9.76051 0 0 0 7.5326 0 0 6.61734 0 2.54799 0 3.97535 7.81347 2.60773
0 2.21727 6.12893 9.84461 0 7.85346 0 0 6.38314 8.22616 1.40443 7.90702 6.81032 5.30967 6.67849 6.20066 4.12939 5.82574 0 8.63799 9.01912 9.83807 6.05678 3.68098 1.25902 5.21907 0 0 9.89585 9.55532 3.49142 5.8196 4.78645 3.7778 6.2108 9.28546 7.76924 0 1.09593 2.21866 1.07862 7.91969 0 0 1.38102 7.33038 0 4.32899 8.52996 5.79918 6.85233 7.62744 1.01681 7.47739 2.2643 7.84109 9.92989 0 5.74057 9.99081 8.24438 1.92181 0 0 7.10919 0 7.70204 3.81395 0 6.89192 2.53682 8.4862 8.53113 1.56293 7.09572 1.517 6.22939 1.47275 7.47783 9.63841 5.02169 0 0 9.11506 9.68168 5.12953 4.59485 0 1.77991 0 4.59686 7.9221 0 9.90657 8.39889 1.32416 8.41326 6.19682 3.99963 5.79002
0 0 1.82105 0 0 0 0 0 5.41311 1.60435 4.29512 0 6.49659 0 0 2.25681 9.11095 1.63258 0 0 0 4.30968 0 0 6.45185 0 0 0 0 3.00191 9.81001 4.26794 7.87096 5.76438 2.42228 0 9.61642 0 0 9.82776 0 0 2.22382 0 0 0 0 0 0 0 1.23214 0 9.72789 6.69427 6.53906 1.90588 0 2.86507 6.73728 0 0 9.13296 4.84056 2.53885 0 4.41821 0 7.80125 0 9.45762 0 0 0 5.15087 5.75042 0 0 4.55029 5.93291 0 7.44942 0 0 0 2.27819 5.14697 7.78712 0 0 0 9.68177 5.93901 0 0 5.3917 0 0 4.44649 0 0
0 7.65641 4.92937 9.69844 1.24389 5.15061 6.1972 3.80467 0 5.7954 2.93751 7.93857 0 2.98475 8.7218 5.76568 5.33885 0 0 9.10224 1.15367 0 2.70035 3.75322 0 7.19667 6.04712 6.30936 9.95263 9.77944 0 2.23536 0 2.36919 5.39917 5.02435 7.86586 2.16713 4.04932 5.2605 8.98779 7.46891 0 4.59624 3.65113 4.64941 2.36798 4.32887 0 7.38906 5.58593 4.28119 2.88066 0 6.45588 9.79883 8.8035 0 7.11689 0 8.31072 8.49945 3.12395 9.16933 0 4.8913 0 0 5.91149 8.70031 1.28598 7.74525 0 9.06595 9.30984 0 9.71468 6.53808 9.98985 7.79213 0 0 6.54351 1.9854 0 4.69282 0 6.78923 9.75573 3.59089 0 8.30327 5.53952 0 9.72543 2.21672 8.93027 2.23133 3.47932 1.75286
0 0 8.8881 7.23892 0 6.55847 8.87268 2.4548 8.48892 0 6.7779 9.39027 0 0 5.09684 1.61664 2.76388 0 0 6.08265 0 5.72247 0 0 0 0 0 4.8506 1.15944 1.08717 5.72033 3.20846 3.30741 7.54659 9.46662 0 0 2.80781 2.02636 3.38823 0 9.27524 0 0 4.86726 2.66703 0 4.05931 1.32966 0 0 5.70641 6.95715 0 0 9.8901 7.01633 4.23906 0 0 0 0 0 6.99003 1.67163 6.92499 0 0 4.55458 0 8.80169 8.29254 0 6.95126 0 0 0 1.29023 1.40236 2.64526 0 0 0 2.49399 0 0 8.97084 9.93072 0 0 0 0 6.12634 5.00714 0 4.05838 7.77948 4.3175 5.57154 0
0 7.18805 3.16059 0 5.72744 5.69427 2.44864 3.11267 7.5772 3.90317 7.20048 3.1803 7.59477 5.9653 0 5.82127 8.66996 0 4.06611 3.61952 5.49333 0 0 0 5.07453 1.43833 0 0 5.09732 1.97839 0 0 0 6.15961 0 7.70077 0 5.57837 3.33987 1.36862 5.93726 7.29046 7.42207 0 4.55384 0 7.71416 5.20245 7.96733 4.08004 3.86511 3.42121 3.84442 0 9.32825 9.7058 1.61242 6.11603 5.70166 7.17625 0 0 0 5.26318 8.04534 7.16049 3.85149 9.88539 2.56817 2.53432 0 4.77912 0 6.90312 0 5.84925 4.41075 7.56609 0 0 0 9.86158 8.18723 3.77659 1.95154 0 0 2.45979 4.67928 2.78106 2.30814 3.6688 0 6.86906 5.76363 0 0 0 5.43603 6.89938
0 4.17417 0 7.3039 7.27898 7.03813 0 0 0 6.99035 0 0 0 0 0 4.73739 0 8.25282 0 0 0 0 0 0 0 0 0 0 0 0 0 0 0 0 2.31574 4.41285 7.82289 7.06667 0 0 0 4.66819 0 9.1245 0 0 0 2.12576 0 0 0 2.16652 0 0 0 0 0 8.32367 0 0 1.93201 1.86729 0 0 1.06213 0 0 0 0 0 7.88042 0 0 4.26851 0 0 0 0 0 0 0 5.98766 9.51737 0 0 0 7.7332 0 4.28805 5.62621 3.63058 1.38937 0 0 5.18764 0 6.12623 1.46821 2.41054 7.34366
0 5.58726 5.13189 9.78546 5.45099 1.25883 7.16715 8.58698 8.43389 3.89292 1.74367 3.49641 0 3.12714 6.40838 0 3.45698 7.59421 4.75067 8.63665 0 8.93388 3.20362 1.79748 5.90215 9.89963 9.76581 8.24189 9.27969 1.22428 9.23187 5.30913 1.83081 0 7.68402 8.70129 4.40336 4.7514 2.75006 0 5.39084 9.71718 0 1.22709 2.3383 9.55611 7.40421 3.68692 0 0 4.33511 4.72917 7.70701 7.05276 2.33223 9.52571 2.07291 9.85566 3.00332 8.17268 8.58083 7.35243 4.7381 6.59043 0 7.98211 2.07611 2.0701 1.41205 6.09655 2.22774 0 7.34761 1.72538 1.17373 6.70573 3.96165 3.65107 6.81283 1.28488 5.82283 4.5826 7.68852 3.65356 0 7.35511 7.69013 5.77523 0 2.21598 6.15404 0 7.82973 1.65529 9.80261 3.82007 4.88459 7.74209 1.7892 3.48333
0 0 7.43068 0 1.76805 7.91269 0 0 0 0 0 0 0 0 0 0 0 0 0 0 0 0 0 0 0 0 0 0 0 0 0 0 0 0 0 0 0 0 0 0 0 6.57996 5.05496 3.79068 0 0 0 0 0 0 0 2.94709 0 1.27741 0 0 0 0 0 8.73713 5.20098 0 0 3.6817 0 0 0 5.62866 0 1.33251 0 4.75786 0 0 0 0 0 0 0 0 5.93993 0 0 0 0 4.74888 6.43219 0 3.31332 0 5.09777 5.66209 0 0 0 0 0 0 0 0
0 0 0 0 0 0 0 0 0 0 5.92026 0 4.48746 0 0 0 0 0 0 0 0 0 0 0 0 0 0 0 0 0 0 0 0 0 0 0 0 0 0 6.78872 0 0 0 9.44621 0 0 0 3.59987 2.6393 0 0 0 0 0 0 0 0 0 1.79923 0 0 0 0 2.94552 0 0 0 0 0 0 0 0 0 0 0 0 0 0 0 0 0 9.21 0 0 0 0 0 0 0 0 0 5.0707 0 0 0 1.93881 0 0 0 0
0 0 8.18711 0 4.33431 3.39224 4.87733 0 9.18989 5.17582 7.45301 5.64126 0 2.93702 9.95793 0 3.91007 0 7.202 0 0 6.55707 2.77919 0 0 0 3.31565 0 4.02432 0 7.38569 1.91025 4.87912 0 6.21452 6.15254 2.32191 2.17369 0 0 0 2.96265 2.7095 7.33719 0 5.33554 7.86141 0 4.14726 5.37375 0 3.96004 0 7.24899 0 1.82472 2.51616 5.73824 9.93112 1.95494 0 0 2.37518 0 0 0 0 9.42716 8.76403 0 6.82354 0 6.21509 4.01682 4.12226 9.46561 1.06907 0 6.31711 0 6.4586 0 1.68074 2.93399 4.57987 5.58018 2.12097 2.13407 3.09909 8.55849 7.92145 0 9.38507 0 6.5401 6.51115 9.56576 2.95063 6.28708 2.03302
0 1.58676 3.92704 5.25244 2.67963 8.54531 2.64898 4.57525 2.51833 2.65485 9.26386 2.19555 5.4184 9.54333 8.27075 2.44908 2.42582 7.64173 2.31234 7.37771 2.1971 6.10924 4.5699 5.79702 3.49201 8.77914 5.64582 6.71757 2.99767 1.74453 7.30716 6.58288 3.60185 3.75556 2.86852 8.87583 5.20365 1.72148 8.69786 8.62972 3.90917 8.46987 1.99927 5.04603 2.82991 1.05342 7.2312 6.52736 5.86748 1.60524 2.04473 8.09011 5.51522 3.21722 7.68937 5.14776 2.80323 2.67023 3.41966 4.60119 7.24028 4.93772 6.73079 9.66055 3.03476 7.54198 8.8101 2.52924 3.43698 6.08178 7.52033 8.09344 8.465 4.80385 7.3106 7.18305 8.59489 1.75715 4.888 5.798 7.59432 6.95309 3.81617 5.84143 5.66176 2.8156 1.02404 4.16868 7.53945 1.1281 4.64644 5.58089 0 2.93724 9.96431 8.67671 2.23251 3.11282 1.59253 9.91289
0 8.51555 9.14292 5.63372 0 4.52524 8.36431 0 1.01479 2.63625 9.46744 0 4.93362 2.14318 0 5.04115 2.11234 2.0408 5.1951 0 0 1.89461 2.42964 2.00922 9.7667 0 7.2684 1.87991 3.64444 8.40786 7.99662 0 9.411 0 6.77559 9.74558 1.25632 6.51168 9.94166 9.88744 6.59532 0 7.05759 2.20461 0 7.45055 5.91241 0 5.81668 8.0249 9.01562 2.96238 0 6.58539 0 8.17457 0 3.58973 6.19326 0 0 0 7.61498 9.20314 7.01134 0 0 0 0 1.08793 7.85323 6.89907 0 2.44479 8.77218 6.56447 3.78894 0 3.3862 2.80297 8.22314 7.55957 2.96633 7.08571 1.15145 0 1.14536 1.12185 0 5.81365 0 3.21463 8.15305 0 9.1803 7.77403 0 5.25619 9.01607 7.51921
0 0 0 2.59242 2.20188 0 2.21984 0 0 7.40105 0 0 7.68422 0 0 1.3717 6.53994 0 3.64444 9.36953 0 9.38563 6.03587 3.27632 4.57537 0 0 2.52732 8.6371 6.87267 0 6.25776 3.48203 6.91727 9.00256 9.4658 8.75806 0 2.16267 4.04145 9.2379 8.71357 0 2.99114 0 9.52034 2.56407 5.10151 2.79305 2.85071 0 0 2.87303 5.47706 7.04127 0 4.49508 0 0 5.10325 8.76115 7.89379 0 4.77043 0 7.0066 0 6.05642 7.00426 1.5409 0 7.20563 3.75163 2.02 7.17212 0 0 6.89787 3.9835 0 2.10274 5.16941 0 2.88491 6.08859 3.18069 0 7.25605 2.54823 2.06344 0 0 9.96758 7.16473 0 8.74774 5.18564 1.24627 4.16899 0
0 2.85845 8.61629 0 0 0 6.62357 7.50306 1.00491 3.94235 0 0 6.19258 2.05007 0 0 0 0 0 0 0 0 4.02531 0 3.47854 7.00433 0 0 6.81243 4.0191 2.45893 0 7.09079 1.21814 8.25224 6.64493 0 5.87622 0 0 0 0 0 0 0 5.08286 0 0 0 8.94288 1.01333 0 3.41924 0 6.91613 0 0 4.64837 9.17367 5.38101 0 0 4.75085 9.83579 0 0 6.00421 2.47305 3.60193 0 0 0 4.93701 6.44927 0 0 8.38605 9.36287 0 0 0 0 5.55359 0 3.42662 9.87831 0 0 0 9.08456 0 6.36518 0 0 7.99477 0 5.5536 8.7787 3.1176 7.87509
0 6.29387 0 0 9.91479 6.55494 0 0 4.60222 0 0 0 0 0 4.02104 8.77131 0 1.10434 0 0 0 8.54909 6.47907 7.08943 7.25121 7.92742 0 0 0 0 3.79856 0 6.71455 0 0 2.75938 6.76352 2.48837 6.472 2.28844 2.93083 5.21757 2.71749 4.10007 0 0 9.3186 0 6.07036 0 0 8.27249 0 0 5.40839 0 0 0 0 0 2.2391 1.25277 1.9588 0 0 2.72183 0 0 2.95314 2.46253 1.03995 0 0 0 7.77538 2.15093 5.00391 8.59739 4.40406 0 0 3.20266 0 8.54597 2.27946 0 0 0 5.86103 0 0 9.94462 4.66585 0 0 2.83841 0 8.35805 3.90511 6.06126
0 3.79856 7.76432 6.5279 5.49777 2.69743 0 2.27086 5.49662 2.0369 7.01643 1.51543 3.55248 9.35966 7.60762 1.32115 2.51885 8.31274 6.51067 0 4.99093 5.12871 3.96568 3.04812 4.14346 9.59999 1.50682 5.0857 1.8787 3.29491 9.87141 0 8.882 7.10407 4.38191 8.99868 2.14948 7.58735 9.04632 4.17856 2.50611 8.94995 1.12546 5.40985 3.13352 5.82664 1.87181 1.2387 3.04094 5.83793 2.50691 2.25737 8.0397 4.48257 6.39746 9.86698 0 6.2897 8.6905 2.29309 9.18763 9.59862 6.21299 5.78374 4.27002 4.19615 1.25443 3.55318 7.73715 3.08975 3.39655 7.19724 4.77591 1.09918 9.47857 7.54221 3.27376 4.56228 5.46578 1.81227 8.64802 4.36438 6.56841 8.65131 3.40444 2.71293 4.54736 1.55871 8.87192 6.35095 4.3712 9.42934 2.3523 2.17321 5.04138 7.43571 9.7836 0 5.1602 5.59358
0 6.9706 7.5495 1.34216 1.53484 6.62462 1.8209 1.21901 9.94265 6.19062 7.57886 4.18667 1.93269 3.73225 4.11057 3.31563 4.69255 6.03802 1.97288 9.92206 1.86072 4.03526 1.21324 8.10597 4.24229 8.03695 2.1528 6.26393 8.07119 6.24612 9.4311 9.22358 5.35005 3.41551 3.87852 4.96079 8.6922 6.20297 6.91048 2.26532 4.17574 1.99538 1.96968 6.38227 8.72437 7.24009 5.33272 3.82969 4.20723 2.49043 4.49381 6.67626 1.21388 1.89302 8.34044 5.34215 1.66903 5.70848 9.55905 4.14036 7.71999 8.04709 6.4723 2.84356 5.64968 4.96028 1.05345 3.47404 7.45267 5.51634 9.03004 7.12885 1.04257 1.03311 7.02761 8.96689 1.35417 2.11446 8.77467 6.46346 9.92484 9.09501 1.4161 4.71536 3.92345 4.86944 5.18068 7.57574 8.14852 3.84023 8.06096 3.75791 1.87242 9.75878 6.67739 5.9596 8.83534 4.30295 0 6.69465
0 0 0 0 0 0 0 0 0 0 0 0 0 0 0 0 0 0 0 0 0 0 0 0 0 0 0 0 0 0 0 0 0 0 0 0 0 0 0 0 0 0 0 0 0 0 0 0 0 0 0 0 0 0 0 0 0 0 0 0 0 0 0 0 0 0 0 0 0 0 0 0 0 0 0 0 0 0 0 0 0 0 0 0 0 0 0 0 0 0 0 0 0 0 0 0 0 0 0 0
