0 2.18384 8.05479 8.37753 0 7.12506 0 0 0 6.71246 6.29307 9.58973 9.01017 1.00791 3.55632 8.52778 0 0 0 0 0 0 6.66615 7.44078 7.56773 0 5.62991 9.90426 4.95753 3.5394 1.91474 0 0 0 0 2.59192 8.25985 6.70087 0 8.45837 0 0 0 0 0 2.38244 0 7.13844 2.45519 4.58329 7.35882 5.75693 0 0 8.15293 4.72626 0 3.31452 0 0 5.40049 3.60385 0 7.31986 7.3269 0 5.63194 1.73564 0 0 3.42293 0 4.75951 3.869 9.52791 2.05693 5.73511 8.88909 1.17183 1.58674 2.41958 6.01152 9.84912 0 0 9.24971 1.10185 5.72489 6.2919 2.90367 4.49941 6.54715 7.77646 6.38395 7.54601 2.25275 3.84407 5.01421 8.74203 0 2.92192
0 0 5.12785 8.59578 0 0 5.10176 6.52713 4.34719 9.73078 9.46147 8.52586 3.2514 5.14391 2.43782 6.64175 7.92203 5.6799 7.72011 7.65063 6.78681 5.06666 9.26063 5.66631 2.58377 6.19998 1.49751 1.01492 5.70527 1.13456 9.76012 7.92494 5.8264 4.34319 9.08123 5.40687 2.35355 0 0 3.5226 1.72318 2.1334 7.38388 6.58941 6.8736 7.74326 5.30024 9.12971 1.93418 4.88717 3.79152 6.95794 7.78476 3.33113 2.99501 2.94243 4.87763 7.08613 1.03829 4.92975 1.2642 5.92277 0 7.26111 7.84556 3.6732 2.88606 1.05708 6.45076 4.49048 5.02179 8.54291 8.50314 4.81902 7.36255 6.9522 9.88195 7.55748 2.69448 1.71925 6.98953 2.49335 7.98292 5.8962 4.09436 3.10322 2.3528 2.44247 3.98057 9.54241 1.32731 9.50278 4.33204 1.70437 3.2853 2.10256 9.58626 7.76539 7.13499 7.18673 1.19875
0 0 0 2.97063 0 1.58821 0 0 5.67257 0 0 9.45753 0 0 3.96621 7.40408 0 1.80093 0 0 0 2.94748 2.44075 4.44539 0 8.77278 9.79514 0 4.79421 5.58692 3.35601 7.49684 6.9822 4.12743 0 2.11464 3.16396 3.09347 2.54241 9.70219 2.98464 7.90359 5.67373 3.29462 1.48325 7.35815 0 0 0 3.94505 0 0 1.02906 6.32429 5.74695 2.20635 3.6079 1.28475 0 0 6.68587 0 0 5.09565 0 9.79462 1.30819 4.63223 6.45401 1.1615 8.80763 1.94666 0 3.96491 0 8.50905 9.41717 0 0 5.82875 6.19098 4.31706 7.68947 0 3.9615 8.15817 0 0 0 2.68142 5.13786 0 0 0 9.5144 7.29812 4.25875 1.37278 4.4053 5.22549 7.82421
0 6.5 0 0 7.10978 0 3.48982 0 7.86109 9.50725 1.23706 0 0 8.4813 2.26639 5.93863 0 0 0 5.38013 4.11285 0 0 0 0 4.09252 0 0 2.72785 7.01169 0 0 0 0 7.39405 5.78285 5.96646 0 9.38723 0 0 9.32953 0 0 0 1.31554 8.33866 0 4.97182 0 1.28491 0 1.20165 5.69857 6.27414 0 1.69592 0 7.00344 6.14424 6.16924 3.52093 0 7.94827 0 0 0 2.99491 0 0 5.52047 0 4.87401 0 0 1.96462 7.07072 2.39872 0 0 0 0 0 1.86884 0 8.71189 5.38165 2.45277 0 5.77441 7.27296 7.28614 6.15526 2.33551 5.67403 6.41474 0 0 0 0 6.75571
0 0 0 0 0 9.41224 2.10655 0 0 8.72889 0 0 0 0 0 0 0 0 0 0 7.32224 0 0 0 0 0 0 0 0 0 0 6.86363 0 0 0 0 0 0 8.3906 0 0 0 0 0 0 9.42342 6.37729 9.09569 0 0 0 0 0 0 9.28227 0 0 3.07243 0 0 0 0 0 0 0 3.11862 0 0 0 0 9.57188 0 0 0 0 0 0 0 0 0 0 0 0 0 0 0 0 0 0 0 0 0 0 0 0 0 0 0 0 0 0
0 9.07891 6.28176 4.21905 9.78293 0 5.67475 2.34326 9.66844 8.37574 3.08706 6.86165 4.8172 5.42657 6.15865 5.35486 7.81859 4.75117 1.80868 8.50283 4.31382 5.37824 3.97683 6.71157 5.31801 9.39559 4.6736 8.30706 3.83229 9.11096 9.95861 0 8.31742 8.92706 9.45884 7.4724 2.30408 7.92424 6.18111 3.3772 4.42547 6.42024 6.09564 4.00876 9.28747 2.40286 4.36824 1.65582 6.21876 1.28263 4.36023 8.24421 8.15393 7.47028 7.07224 1.7229 0 5.49692 9.76913 2.33909 3.59789 8.19131 2.53717 4.10119 1.96965 2.76677 5.29877 1.89879 9.06872 0 6.81846 1.6914 7.00171 1.6616 0 7.13079 7.1882 2.43622 6.27107 5.69993 6.40119 3.14217 0 2.78272 2.31576 0 8.91154 0 4.2616 4.39736 4.62466 2.82234 5.12241 2.70594 1.66465 6.99376 3.8855 1.54128 3.49478 8.1485 5.64878
0 0 0 0 0 0 0 1.31115 0 0 0 0 0 0 0 0 0 0 0 0 0 0 0 0 0 0 0 0 0 0 0 0 0 0 0 0 0 0 0 0 0 0 0 0 0 0 0 0 0 0 0 0 0 0 0 0 0 0 0 0 0 0 0 0 0 0 0 0 0 0 0 0 0 0 0 0 0 0 0 0 0 0 0 0 0 0 0 0 0 0 0 0 0 0 0 0 0 0 0 0 0
0 5.16753 0 0 6.36334 1.17024 0 0 5.7673 3.22276 8.53374 0 0 1.53964 0 6.78724 0 0 0 0 0 0 0 9.50007 0 7.04483 0 0 0 0 7.47815 0 0 5.81389 2.58778 1.29042 2.7656 6.95283 0 0 7.21838 4.80297 0 8.69574 0 0 3.51544 0 4.98133 0 1.45433 0 0 9.36901 0 0 4.21773 6.60918 0 0 8.77754 2.05514 0 0 8.52738 0 0 8.5004 3.91086 7.08459 5.70765 8.52397 6.92734 8.84155 0 3.49001 1.94121 5.09092 0 6.93899 6.34743 9.0752 2.04046 3.99635 0 0 6.37051 3.63739 6.30477 5.82361 0 0 0 0 0 0 0 3.18906 0 2.75211 0
0 4.07663 8.47987 0 2.111 4.24871 0 0 0 1.06928 0 3.39658 0 2.52965 0 0 0 0 8.12784 7.47284 7.02014 2.7811 0 0 6.1606 2.82842 2.92524 7.75154 2.95669 0 2.06558 0 8.97859 7.04216 0 6.89166 0 3.45199 4.44172 9.35675 0 0 1.95006 0 0 0 0 9.22931 0 3.1987 4.90535 0 6.22872 7.95882 2.41439 1.65865 9.64049 6.83268 2.16139 6.54907 2.52199 5.54553 5.51668 8.12026 0 0 0 0 0 0 8.04227 9.36389 0 4.42565 0 4.91053 0 0 3.53998 8.63826 8.13502 2.03076 0 3.98162 0 5.29257 4.48037 0 0 6.12406 7.29675 0 0 4.20701 0 1.16426 2.4814 0 0 0 9.65293
0 6.14702 0 9.27207 5.03033 8.48396 4.16854 6.04292 5.20488 0 1.60158 7.70122 0 8.9794 3.6929 4.91838 1.00248 2.16648 6.79951 4.11788 5.42987 7.50064 4.48222 1.234 0 3.14396 4.14804 7.24533 5.21388 7.88979 2.19964 8.73559 2.27061 4.54106 2.73382 4.14241 3.86694 6.39275 4.67764 5.03848 9.09341 0 0 9.49773 0 2.08622 8.18085 3.11208 0 0 0 7.15551 2.23944 0 7.20221 6.50852 1.54236 2.86974 5.8834 4.6835 7.75472 8.31075 5.13022 9.47863 3.47382 0 1.28655 9.39705 6.48521 9.65729 1.2813 4.61399 3.04986 3.83147 7.03972 2.24202 3.0474 0 1.48354 8.68813 8.59781 1.50521 8.35585 0 5.65836 7.98776 9.7702 9.21702 5.62149 6.30737 2.23295 9.99183 2.1333 6.61605 0 2.13428 6.69645 9.73269 0 2.08159 4.26334
0 3.71251 9.54455 0 1.53412 6.97911 9.75874 5.94564 5.62383 0 0 7.18095 7.83277 4.62505 0 0 5.00609 0 2.14513 7.10838 3.20945 7.01446 9.70334 1.27036 5.88542 3.54999 8.7266 5.78674 7.05465 2.83522 1.03437 5.20271 1.77945 2.81455 0 5.92661 5.99907 5.38343 4.0914 2.43412 8.60177 1.56597 6.14464 9.26179 2.55213 6.53051 0 3.2532 7.57335 0 6.38161 6.47218 1.54217 2.78768 5.71406 0 6.52534 5.94016 8.18605 1.35697 5.94372 4.42384 4.76349 6.07585 0 0 2.54254 8.97717 4.81461 2.791 3.54008 2.60337 8.94115 3.92736 6.0502 1.98175 0 2.51634 4.87742 0 7.69667 7.78003 0 2.32004 6.86842 1.84279 0 1.99119 0 7.15028 5.65734 9.28842 0 4.29079 0 0 9.01408 8.61693 1.14467 9.42948 3.98865
0 0 0 0 0 7.37631 0 1.8238 5.09679 0 0 0 9.37393 0 2.38809 5.7367 0 1.70393 0 0 0 0 0 0 0 0 0 0 0 0 0 0 0 0 0 3.77073 2.50557 0 0 0 0 0 0 0 0 4.00213 0 0 0 0 0 0 0 0 0 3.27447 0 1.33915 0 0 6.92753 0 0 6.77238 9.86888 1.01498 8.03917 0 0 0 2.46185 0 0 0 4.68152 0 0 0 0 8.55601 0 0 0 0 0 3.89935 0 0 0 1.90783 0 0 6.80811 7.80964 5.4201 0 0 0 4.18894 0 0
0 0 0 0 0 0 0 0 0 0 0 2.04798 0 5.74236 0 0 0 0 0 0 0 0 2.98351 0 0 0 0 0 0 0 0 0 9.6486 0 5.94306 0 0 0 3.1871 0 0 0 0 0 0 0 0 0 0 0 0 0 0 0 0 0 0 0 0 0 0 0 0 9.11797 0 0 0 0 0 0 0 0 0 0 0 0 0 0 0 0 0 0 0 0 7.83728 0 0 0 3.29107 9.98461 0 0 0 2.48866 9.59964 0 8.66484 0 0 0 6.01849
0 9.02934 0 6.83339 7.99286 0 8.95208 0 3.6205 3.36837 2.73833 0 3.41727 0 6.88527 0 0 0 7.71655 4.45043 4.02045 2.7066 0 9.37878 7.37559 1.92221 6.77499 4.48645 6.09121 4.95235 2.94621 6.37253 0 1.10029 8.27479 3.71317 0 4.59377 0 1.29105 9.95195 3.48754 0 4.5184 5.87617 8.37284 5.49796 7.89682 7.88688 4.68962 0 5.43929 1.98934 9.58862 7.82829 9.7786 9.12074 5.07595 0 8.16434 7.7097 0 5.93529 0 6.03198 9.76816 0 0 0 9.19768 6.9506 3.1225 7.20737 0 2.54104 0 0 0 9.12244 4.4106 0 8.47602 4.37893 0 6.41806 2.72504 2.45458 0 1.65735 8.77025 1.65569 3.54545 9.83951 7.29127 4.37536 4.66075 7.73591 5.94531 7.00394 7.32052 4.17814
0 0 5.94832 9.8643 5.1763 7.13491 3.28295 0 0 1.04663 9.24119 5.65363 0 9.72298 0 7.31072 3.25589 7.00861 5.55751 4.86317 8.81192 2.83738 0 1.74338 5.2653 5.49852 8.12041 1.81671 0 4.60471 4.16682 8.25719 0 0 2.2892 2.93194 0 6.87219 5.26888 1.53277 7.93556 0 3.51723 7.15519 7.64346 9.75791 1.39067 4.56839 0 0 5.25871 0 6.65199 2.86488 8.5156 0 6.11769 0 8.47615 0 4.78046 0 0 0 2.17089 0 3.65314 3.25671 6.37032 0 5.09031 6.18974 4.37159 5.63761 0 6.92258 2.77718 5.29983 3.20884 2.48216 6.06076 2.33833 0 0 0 9.88056 0 8.84644 8.3226 2.47543 3.99582 7.17788 9.30755 1.74155 8.40519 2.55634 3.75455 4.5699 4.70989 0 3.22323
0 9.70528 7.75094 4.63337 8.68418 3.76773 3.11794 3.79295 7.52762 9.88687 5.23297 0 5.38941 2.35334 1.6953 0 7.85978 8.41221 8.08936 7.32999 2.39553 0 9.50329 4.19727 3.1823 2.90208 2.62367 2.31394 0 0 7.52467 9.62393 6.72689 3.05741 8.52261 4.39461 2.1716 7.52711 6.23905 8.45834 0 6.60533 7.28043 7.67802 4.7359 6.32543 2.82668 7.20088 2.83534 8.57004 9.59186 8.4007 2.48539 6.38902 4.75712 7.93535 5.11959 1.92032 4.25852 2.63783 5.12957 3.13972 2.93902 8.46398 7.12669 7.59339 4.75155 7.66429 8.82112 8.55244 8.811 0 4.31748 3.1315 8.75286 6.68658 3.72584 5.77838 3.44922 5.90176 1.58705 1.03782 2.38988 8.83339 9.16036 4.04607 1.66341 7.10049 4.92195 4.71553 3.43631 3.50707 9.69253 1.31474 1.71047 1.34794 2.96762 1.43438 9.51367 6.43024 6.08915
0 0 0 0 8.3884 0 0 0 0 0 8.31911 0 5.59743 0 2.65921 4.30318 0 1.42718 0 6.0714 0 4.0504 0 0 0 4.68229 7.59598 0 6.79858 3.99375 0 4.4398 7.55608 0 0 0 2.24819 0 2.4628 0 7.19966 5.7492 0 0 8.51531 0 0 6.18087 1.46687 0 0 0 0 0 2.45618 0 9.52328 7.81815 0 6.26664 2.61314 3.1061 2.54556 8.24944 0 5.27298 0 5.94714 1.89257 0 5.41234 0 7.5306 1.29661 2.11351 0 4.1067 0 1.20026 6.37063 2.87997 4.9725 3.48025 7.34768 1.31203 0 0 0 7.36137 7.48853 7.0715 1.11215 1.53141 0 8.38083 7.30211 0 0 5.865 3.73726 8.70455
0 0 8.07613 4.57648 2.72176 3.14072 2.42969 0 7.23905 9.36012 3.90616 1.38842 6.32705 2.64752 0 5.64288 1.15505 0 3.95411 8.03957 6.9596 6.1361 3.8456 0 8.15513 3.19621 0 3.51528 2.72659 0 0 3.80789 3.31468 3.88558 6.51128 0 8.32859 6.86116 2.54513 6.64141 6.83086 3.03193 6.789 1.53265 0 1.56761 4.09957 1.93688 0 8.23416 9.82127 2.63043 9.8316 8.36152 0 6.54514 0 0 8.17644 0 7.6335 4.16592 8.96936 2.6729 0 0 8.9039 9.40535 2.76324 1.21863 3.25628 7.43288 0 5.88903 2.7348 0 1.64783 3.76773 0 4.39265 3.8867 4.15986 8.9543 0 5.35351 6.96205 3.98154 0 2.75504 0 9.70901 0 0 5.89342 3.85311 3.60351 2.16777 9.04281 9.35909 8.82353 0
0 9.6663 0 0 3.14615 7.69703 0 0 0 9.84593 0 1.93967 1.89595 0 0 0 6.28883 8.14815 0 7.80769 0 0 0 2.08903 9.63023 0 4.11301 0 2.58208 0 0 0 0 0 0 0 0 0 0 0 0 2.25853 0 0 0 0 0 7.41952 6.13836 1.75815 4.38284 5.64212 2.56775 0 8.21192 8.41833 9.958 0 0 0 1.58169 6.93726 0 0 0 1.87179 0 0 0 5.09166 0 0 0 0 7.68827 0 3.41207 0 0 0 0 0 1.98231 0 0 0 0 4.42091 0 0 6.36958 0 0 5.56126 0 0 0 6.21618 0 0 0
0 1.79128 6.90086 7.52814 4.08967 0 2.80978 1.48867 3.32054 2.14444 4.15989 8.40151 2.46442 4.29682 2.65791 3.52101 6.2808 4.98539 6.79597 0 4.28805 2.3894 3.0087 9.38165 8.96937 3.03522 8.20029 6.12935 3.20912 7.95871 4.72764 3.37585 2.54428 7.77001 4.31762 3.12039 2.08405 9.44527 8.71926 6.40551 1.42527 7.47677 4.79432 8.89027 3.37371 2.68371 3.8973 8.30661 1.11828 7.87262 1.86407 9.96453 2.20702 0 8.14578 2.10763 8.79434 2.46735 1.99254 4.0675 2.27472 1.74114 1.87447 7.1883 7.2069 5.19716 7.21999 1.5808 6.23645 2.05726 3.69314 4.78399 2.58022 5.25873 6.92979 7.92806 5.64797 9.8721 9.25321 2.75005 7.29101 8.91407 6.09515 6.0366 5.35084 3.10708 1.22293 3.72461 7.31591 6.89712 6.77505 1.46059 4.45111 6.61536 2.91886 7.99951 9.43234 2.31998 5.57324 2.1837 2.20682
0 0 2.51136 0 9.47896 9.64414 0 0 0 7.03023 7.69452 0 0 0 0 4.55 4.29867 0 2.66837 4.34719 0 9.84295 0 0 0 5.59699 0 0 9.38376 0 9.12027 0 4.26594 0 3.75526 1.39937 8.35714 0 6.22248 0 6.25314 0 0 0 0 8.51594 0 0 0 0 2.58228 0 0 1.42468 0 9.13252 0 0 5.8151 0 5.20455 6.93562 0 6.77533 7.65755 0 0 0 0 5.84642 0 9.19746 0 5.65262 0 0 6.70808 0 0 0 0 5.41245 0 3.38181 3.93251 5.5286 0 0 0 0 0 1.55026 8.3459 2.35653 0 0 0 0 0 3.48147 1.90389
0 0 0 0 0 0 8.23267 0 9.58126 0 0 2.98575 0 3.04847 2.92256 0 1.01831 0 3.40032 4.18268 0 0 7.7802 0 0 0 0 2.82087 4.86233 0 0 0 2.2314 6.07702 7.2953 0 4.16687 0 6.5721 0 0 0 0 0 1.00006 0 0 0 3.8333 0 0 9.7523 6.28114 0 0 0 0 3.33549 0 0 0 1.63532 0 0 0 5.32676 0 0 0 0 0 1.55117 0 0 7.47772 0 0 0 6.36558 0 0 0 0 6.81221 0 0 0 8.32043 0 0 9.97438 0 2.20201 0 0 0 0 0 7.14247 2.40504 2.76986
0 0 0 0 0 9.55246 0 9.1165 9.24845 0 0 0 0 0 4.308 0 2.31799 0 0 0 0 0 0 1.65417 0 1.15069 8.76693 0 0 0 0 0 0 0 0 0 3.94749 0 0 0 0 0 0 0 0 0 6.19826 2.68421 4.30448 7.87194 0 0 5.688 0 3.66499 5.75086 0 8.85143 0 0 9.58232 0 0 0 0 4.22767 0 0 0 0 0 9.37076 0 0 2.22608 0 5.93634 0 8.6908 5.94952 0 1.2332 0 0 0 0 6.64936 7.94187 0 0 6.49844 0 6.24718 5.36523 0 2.29466 0 8.79903 0 9.16531 8.74065
0 0 0 0 0 9.26742 0 0 0 0 5.06598 0 0 0 1.31507 0 0 0 2.3597 0 1.28494 5.74678 8.79708 0 8.96236 0 1.59466 0 0 0 0 0 0 0 0 8.72305 0 0 0 0 0 3.1581 6.53334 3.43312 0 0 2.83683 0 0 0 0 0 0 2.35209 1.26312 0 0 0 3.99197 0 0 0 0 1.01775 5.89344 5.01192 0 0 0 0 2.54986 2.75187 9.39587 0 0 0 0 7.57136 8.05945 0 1.91511 0 0 3.08923 3.48983 0 0 0 3.56034 9.83052 8.30803 0 0 0 0 9.42853 0 5.46593 0 0 4.28166
0 0 2.97237 0 2.18752 2.49716 0 3.03129 7.14931 0 7.56957 0 0 7.21149 0 0 0 7.22107 0 1.07115 5.98212 6.49658 0 0 0 4.9277 1.0494 5.37162 0 0 6.46238 0 1.17663 3.23879 3.07474 1.84782 0 8.79313 2.27207 5.36308 2.50543 0 9.0129 0 0 0 0 0 4.78806 0 0 6.87659 5.1529 0 0 0 7.20636 0 2.2803 0 8.75148 5.66766 3.09581 3.44033 3.31895 4.79352 6.49468 9.77911 0 0 1.96583 3.53157 0 9.11689 8.75616 0 0 0 9.03399 0 4.44031 0 2.79181 6.77849 0 0 0 3.10884 1.82218 1.61483 0 9.71598 8.45041 4.87678 1.34946 9.16647 2.15234 9.52454 5.07599 1.92016 0
0 0 0 0 0 0 0 0 0 0 0 0 0 0 2.77264 0 3.08261 0 0 0 0 0 0 0 0 0 5.29959 0 0 0 0 0 0 0 0 0 0 0 0 0 0 7.02831 0 0 0 5.27642 4.89541 0 0 0 0 0 0 0 0 4.82973 0 5.6333 0 0 0 0 6.42753 0 0 0 0 0 0 6.09577 0 0 0 0 6.69302 7.8208 0 0 0 4.8034 0 9.80936 0 0 0 0 0 0 0 0 0 0 0 0 0 0 0 0 0 0 0
0 1.98758 7.56561 9.79404 1.25311 9.36766 1.24124 5.94436 8.0406 4.01405 4.66693 1.41941 9.31501 0 6.32794 9.68565 9.18658 7.26634 6.69911 0 4.85773 7.82066 2.30944 1.06604 6.10975 1.99134 0 3.47416 5.79306 8.64423 4.11858 2.57368 9.10532 4.32659 5.46093 6.34589 3.83143 8.38653 4.00405 7.57815 2.37884 3.21133 6.8109 8.5145 3.65473 7.88291 0 3.07961 4.99612 4.75068 3.6118 3.16714 8.79674 6.34148 1.84062 8.77178 5.3907 3.71972 2.42443 2.78875 7.77984 5.47748 5.07481 7.30158 1.80407 4.68164 0 7.7988 0 8.00397 4.00579 1.0991 0 1.52805 4.95211 0 8.48267 5.37659 5.45266 0 6.4707 6.81274 2.75268 7.46686 8.8335 4.26413 5.96792 5.39102 7.12501 6.42008 5.98422 2.79607 2.38727 7.05695 4.2544 6.03016 4.66279 9.95912 1.0508 6.91191 1.13043
0 0 2.56603 0 4.50168 0 0 0 0 0 0 5.54258 5.15314 0 0 0 1.87792 9.43181 0 4.34943 1.86379 0 0 0 0 0 0 0 2.49856 0 0 0 0 0 0 0 0 0 7.29632 0 0 5.4489 0 2.77546 0 3.21533 8.11085 0 0 5.08696 2.59196 0 9.59531 4.90544 0 0 8.30081 0 0 0 7.37043 0 0 1.72325 0 0 2.98381 4.98776 0 0 0 7.22828 0 0 0 8.01035 0 7.8609 8.72721 1.15277 0 0 8.0622 4.30465 4.30345 0 0 5.58188 0 7.48837 1.71128 0 5.97521 5.60555 6.49895 9.50523 0 0 0 0 0
0 0 0 0 0 0 0 0 0 0 0 0 0 0 0 0 0 0 0 0 0 0 0 0 0 0 0 0 0 9.07891 0 0 0 0 0 0 0 0 0 0 0 0 0 0 0 0 0 0 0 0 0 0 0 0 0 0 0 0 0 0 0 0 0 0 0 0 0 0 0 0 0 0 0 0 0 0 0 0 0 0 0 0 0 0 0 0 0 0 0 0 0 0 0 0 0 0 0 0 0 0 0
0 0 9.71197 0 1.53689 1.0595 0 0 8.15903 9.22382 0 1.73273 7.62656 8.81006 6.95435 8.33733 1.47625 6.64175 2.28612 3.24248 9.65003 5.36749 8.63099 0 3.58903 0 0 0 7.69666 0 1.54508 6.67622 0 1.89399 2.12534 0 2.28647 0 7.67205 0 7.58424 6.12091 3.31311 0 0 8.31954 4.69747 6.28393 2.02112 1.17115 4.00081 0 5.01827 4.64317 3.44289 0 0 0 9.78209 2.74379 0 0 6.32753 6.11044 6.48387 8.72447 5.34004 0 6.14561 4.82952 8.60078 4.42406 9.73469 3.65972 0 1.45088 4.18111 6.47873 3.79568 6.72491 4.84151 7.97631 5.33979 5.42578 4.18082 0 2.94013 2.98947 4.85573 7.47005 5.7195 0 5.28418 3.38267 7.84659 0 7.16105 0 8.97376 4.60255 8.97121
0 3.94026 0 0 0 5.09406 0 0 3.40925 0 0 0 4.70672 0 0 0 1.93376 2.88154 0 0 6.05403 0 0 9.19664 6.76139 8.01643 0 0 9.60542 8.34436 0 5.54071 6.37653 0 8.03428 0 0 5.18761 0 1.68197 5.95061 2.26708 0 0 0 0 0 0 0 0 0 0 1.42355 0 6.21085 9.24236 8.38113 0 0 0 7.97307 8.42415 0 7.60081 0 0 0 0 0 0 7.85957 7.15935 0 4.75085 0 0 3.75227 0 0 0 7.74398 0 6.59122 0 4.9567 0 0 0 0 0 0 0 5.58777 0 5.98878 0 8.12453 9.58615 0 0 9.10767
0 0 8.33232 9.93579 3.10811 0 0 9.10849 1.56966 8.30668 7.42229 0 8.02083 6.12292 5.58558 7.00205 0 0 3.15522 7.66138 4.0535 6.09226 0 9.28297 0 0 6.29364 2.87604 0 0 0 0 3.8713 4.88741 4.70642 2.20901 0 5.10699 9.54777 0 8.48248 0 0 6.63922 8.4756 1.43382 0 7.13972 0 5.06956 5.73336 0 8.77823 0 4.88495 3.49313 0 8.81078 0 0 2.96918 1.75192 0 4.46462 0 4.27255 9.09892 0 6.0201 8.31997 2.47077 0 8.09833 9.80611 8.09357 0 3.55281 4.22416 0 6.66754 0 5.61603 4.07502 0 2.90278 4.92196 0 0 8.53586 8.84103 0 0 5.81645 0 3.41126 1.99558 8.2323 9.19625 6.66897 0 4.50139
0 6.38955 0 0 0 0 3.64627 5.80514 0 1.5311 0 5.0247 3.02673 5.81523 2.61809 0 0 0 9.26267 0 0 8.9506 0 4.01811 6.10391 8.16662 0 0 3.528 0 0 0 0 5.44579 8.54871 7.93555 0 8.79566 2.58664 0 4.174 8.79 9.38942 5.98167 2.73348 7.57003 0 8.45589 0 0 0 7.28547 5.92237 6.41054 4.951 5.02743 9.57565 1.31499 7.96064 0 0 2.21009 6.12508 0 9.95707 0 9.90575 0 0 6.02409 0 0 0 3.415 9.30674 0 2.95044 9.23942 0 4.45345 2.20673 4.48091 0 0 0 4.83186 2.97885 5.96871 0 6.42107 2.31427 3.62982 5.56073 0 0 8.94448 5.18617 3.50116 0 0 5.16691
0 0 0 2.38399 0 0 0 0 0 0 0 5.81457 0 0 0 0 3.72999 0 0 0 0 0 0 0 0 8.74746 8.00808 0 7.05733 0 0 9.17388 2.25971 0 1.8166 0 0 0 8.75771 5.20002 0 0 3.92753 0 0 0 0 2.57912 0 1.76194 0 0 0 0 7.284 0 0 0 0 0 0 0 0 0 1.66399 0 0 1.33943 0 4.61573 0 0 0 0 8.37241 0 0 9.91991 0 0 0 9.80245 1.05092 0 0 0 0 0 0 7.02734 0 0 0 9.4959 0 0 0 5.47902 0 0 0
0 4.15331 0 9.54506 0 9.14509 3.30822 0 0 9.94977 7.52523 8.73695 6.9378 2.90944 4.22806 6.29369 0 4.67668 0 0 3.14026 8.48938 7.64024 0 8.64175 0 0 5.70717 0 6.51534 0 8.32854 4.09306 0 0 1.66374 0 0 1.62698 6.85841 0 4.68779 5.05626 5.50861 0 2.39519 3.41144 1.96369 0 0 9.548 0 0 8.66729 8.85679 0 5.03409 5.92132 0 9.24285 1.55997 0 5.83927 5.28677 0 5.38548 0 2.60009 0 7.35281 0 7.74221 6.36167 8.94878 9.45385 0 3.93358 5.25644 0 7.84089 0 0 2.28968 1.20409 0 0 4.31905 0 0 0 7.16367 7.01269 1.59819 0 3.69599 6.27752 0 6.16898 3.48289 1.40029 0
0 6.11379 9.90945 2.6029 1.99896 7.38163 3.23595 0 9.59081 1.46453 8.05466 0 6.51476 9.66633 7.38279 7.39879 2.27129 1.50418 4.85337 6.43577 3.2867 2.28387 1.87423 5.63603 7.88678 3.88622 5.27008 5.05909 4.59327 8.18779 3.36467 7.34589 4.07559 8.39294 5.36745 0 4.45728 4.21808 9.53065 9.61584 3.06932 1.77322 3.43964 2.66617 8.71275 9.01456 1.13022 8.53812 3.01855 5.22495 7.92988 1.4205 5.69103 9.05549 7.80205 3.22056 4.75803 5.29996 6.77431 7.57775 1.39959 4.32888 2.54801 7.56031 8.0657 8.31171 2.52738 7.75173 9.9246 6.49892 6.69559 3.411 6.16607 4.30473 2.56144 4.14374 9.91187 1.93346 9.52935 9.82331 9.45206 1.90794 0 7.85555 4.40954 5.86952 7.5761 1.76727 1.03521 6.22334 3.7094 6.46106 9.95974 9.18055 7.42664 8.74033 0 0 6.45499 4.5237 7.07506
0 4.36377 7.33065 7.7232 0 2.13632 0 0 0 2.38591 0 0 0 0 0 0 0 0 1.63221 4.42681 0 0 1.42329 5.61808 0 3.46528 7.96214 5.9273 0 0 0 0 0 0 0 1.92388 0 9.22436 0 0 0 1.99308 4.70955 0 0 0 3.68713 2.56137 0 0 1.90461 0 8.71278 0 0 9.14666 0 4.90791 0 0 0 0 2.75062 3.16485 4.22366 6.15965 9.4138 0 0 0 0 0 0 0 0 0 0 0 0 0 0 0 0 3.60646 1.92928 0 5.72528 0 0 0 0 0 0 2.90099 0 0 0 3.58572 2.51698 0 0
0 1.17071 7.73773 0 9.41983 5.14914 0 8.11748 0 5.64779 6.43547 0 6.66879 4.55919 3.69556 5.84169 7.07409 0 0 0 0 0 0 0 0 0 0 5.94736 6.21756 0 4.11388 1.53985 8.3376 0 5.48294 0 0 0 5.18001 3.63592 0 0 9.92635 0 9.04572 0 4.16351 0 6.4617 0 0 8.4793 0 7.96102 0 9.64621 4.35007 0 9.10498 0 0 0 0 0 4.16941 0 0 0 0 0 0 0 2.48908 0 0 0 0 0 0 0 0 3.79044 0 0 0 0 1.06464 0 3.51234 0 2.44555 1.62779 8.41077 0 0 8.68626 7.4515 5.03784 1.77427 2.9922 0
0 6.38237 0 5.39212 3.03021 7.54217 1.78796 4.00282 4.75099 7.87867 0 6.59949 0 8.21695 2.61329 2.27454 8.92251 1.47746 4.37589 2.12444 9.17202 9.83934 4.57716 9.92119 4.91874 9.33962 1.29725 0 8.60055 8.21097 5.61292 4.69397 4.76036 9.5246 8.14175 4.61157 8.30056 4.54963 0 1.45076 9.96383 0 0 6.08083 5.99768 0 1.87756 0 9.58048 0 4.30834 9.95933 4.41821 5.34525 9.92431 5.37342 9.58586 6.5711 3.3712 2.99425 2.35966 0 8.24332 9.38297 1.78318 0 0 5.72912 6.88669 9.45496 2.98197 9.81457 2.44369 0 2.84873 6.62877 2.88003 4.43474 2.34109 0 5.39253 0 3.21744 9.52745 0 7.95074 7.37756 3.19921 0 8.87287 6.15906 5.97073 2.80513 4.53376 3.73372 7.72209 7.32138 3.12491 5.86018 9.47889 8.04155
0 0 0 0 0 0 0 8.19627 7.73388 5.41686 4.92009 0 1.71182 1.64584 0 8.19445 0 0 0 0 0 7.00802 1.79271 5.6087 0 0 3.14713 0 0 0 0 0 0 0 1.79005 1.49972 9.98131 0 0 0 7.93184 7.21864 0 0 7.71595 0 0 0 0 0 0 7.82472 0 0 4.28886 0 5.45479 1.75162 9.36613 0 4.89398 7.32787 0 6.51511 3.63863 0 0 0 1.99137 8.03799 7.06063 3.81405 0 2.85458 0 0 5.20421 9.15955 0 0 0 0 0 0 7.3298 0 3.68521 7.2394 0 4.28532 8.42461 1.31519 9.80397 0 0 0 0 0 9.168 2.87621 0
0 4.54293 6.20863 0 8.2786 3.23231 8.68947 0 4.42374 7.51005 7.49178 4.54079 1.86213 8.89175 2.88831 8.8329 7.03652 1.75796 4.33281 0 5.06657 1.92167 7.42218 2.26571 7.4194 8.28867 4.11308 3.79758 9.61148 0 0 8.71429 4.47072 8.08983 5.81511 6.32088 0 7.61893 7.62332 2.19866 0 2.12829 0 9.90173 5.85544 5.89058 6.25796 8.41807 4.01874 9.86206 2.62074 6.01097 6.14106 5.89664 1.47384 0 3.24242 3.88085 6.86489 6.15018 1.78118 0 6.01359 3.57112 4.82918 9.78185 5.02589 2.11633 4.59749 7.18431 6.51195 0 1.23376 7.78847 0 1.48994 9.20908 8.74496 4.52096 3.06887 1.27454 1.76132 9.2561 7.64022 0 8.58607 1.95794 3.68518 5.33266 0 8.84841 1.46631 5.15362 8.62772 7.80808 8.28061 5.11789 1.49505 4.91499 3.40616 1.51315
0 0 2.93126 0 2.0219 0 5.31578 0 0 2.8555 4.54726 0 0 0 0 0 0 0 0 0 0 3.08047 0 0 0 0 8.37596 0 0 8.85462 6.89579 0 0 0 8.40037 3.77143 8.07123 0 0 5.6856 0 0 7.1961 7.62541 6.12332 0 7.37984 0 0 9.70601 7.28778 0 0 0 0 6.04071 0 0 0 0 0 0 1.64599 0 0 0 2.82208 0 0 1.51936 0 0 7.85996 6.82738 3.50681 0 0 0 7.11406 0 7.92528 1.29668 2.02428 0 5.20497 1.01404 4.14368 0 1.98556 0 0 8.03948 5.04665 0 0 0 0 0 0 0 0
0 0 4.02035 0 7.51251 0 1.16997 4.21532 0 0 0 0 7.13899 0 0 0 3.19476 0 0 2.84216 4.90066 0 0 0 7.86405 0 0 0 5.22923 0 0 0 0 1.40474 0 0 3.82544 0 0 0 4.83088 0 0 6.66589 0 0 9.79312 1.58367 7.01357 0 8.96608 2.44764 0 0 0 0 2.30468 0 0 8.74178 2.43933 0 0 3.01429 0 0 0 0 0 1.1044 0 0 0 9.85493 0 9.70149 0 6.16285 5.68539 9.41189 0 0 0 2.57233 0 0 5.63293 0 8.54132 0 8.07907 0 0 0 0 5.63487 0 0 0 0 0
0 7.37477 0 7.22614 6.09457 7.43597 5.72467 0 7.62712 9.40058 1.95674 8.78811 4.46894 6.46893 6.04963 4.55803 2.4323 1.13949 6.26866 8.41541 6.4044 7.54885 0 6.22659 8.91108 2.49553 7.08924 5.41744 6.5696 0 0 3.37257 1.41191 7.31407 6.57856 7.98522 7.98524 3.30166 5.87991 8.92845 2.80412 0 4.25794 0 7.52871 0 0 8.90541 0 5.28567 0 5.72789 0 0 0 0 0 9.5753 1.70541 2.63405 0 3.29347 7.22696 0 0 5.93821 0 5.61278 0 8.37273 7.64321 8.67245 8.35229 9.50058 0 9.45202 7.53216 0 5.0027 7.43082 3.78984 4.70204 1.51388 0 9.64535 0 6.19347 0 8.8415 0 1.7703 8.33165 6.76589 5.43052 5.45188 0 1.72524 2.839 9.80738 0 0
0 0 0 0 0 0 0 0 0 0 0 0 0 0 0 0 0 0 0 0 2.97576 2.87322 0 0 0 0 0 0 0 0 0 0 0 0 0 0 9.60457 0 0 0 0 0 0 0 0 8.99715 0 0 0 0 0 0 0 0 0 0 0 0 0 0 0 0 0 0 0 0 0 0 0 0 0 0 0 3.54676 0 0 0 0 0 0 0 0 0 0 0 0 0 0 0 0 0 0 0 0 0 0 0 0 0 0 0
0 0 0 0 0 4.10266 0 0 0 0 0 9.00868 0 0 0 0 4.64876 0 0 0 0 0 0 1.67905 0 0 6.17763 6.56018 0 0 0 0 0 0 0 0 0 1.38131 0 0 0 0 0 0 0 0 3.7569 0 0 0 0 0 0 0 0 0 0 0 0 0 0 0 0 0 0 0 0 0 0 0 0 0 0 0 0 0 0 0 0 0 0 0 0 0 0 0 0 0 0 0 0 0 0 7.63535 0 0 0 0 0 0 0
0 0 5.68612 4.44917 5.8915 0 0 0 0 3.11351 7.21177 9.00237 2.42663 3.18165 0 0 0 7.4301 7.95204 0 3.71362 4.78161 0 8.77493 0 0 6.30633 0 1.54592 0 5.87365 9.33139 9.76741 5.42471 0 7.02028 9.40084 0 0 8.17895 3.55762 0 1.34512 9.77259 2.26299 0 0 5.61946 0 0 0 4.30984 6.84093 0 2.95963 0 0 9.32089 0 7.43878 0 2.99368 0 3.82965 0 6.61023 0 4.51557 9.6369 2.72261 0 3.04322 0 0 2.12665 7.97232 5.40533 4.84191 9.22815 0 6.73004 0 0 0 0 0 0 2.91355 0 0 0 3.07697 0 6.65934 6.705 7.41726 0 0 1.69876 0 0
0 8.02896 6.42263 0 0 9.56457 5.58501 6.55378 2.37403 5.14212 7.60476 8.94939 0 8.88956 0 8.12578 0 7.92981 0 7.55506 3.9878 9.31083 3.0664 8.58672 1.63976 3.0267 5.20813 1.37192 5.48375 5.45184 8.41145 8.02048 7.55528 5.85725 3.81342 4.58431 3.6161 6.67734 3.10499 8.79442 5.2135 0 6.77515 8.46748 3.81201 0 0 0 8.61383 9.59936 0 4.38827 0 0 1.24151 2.9498 4.02774 1.06526 9.93608 4.91787 1.70212 2.77965 9.85988 7.23946 0 7.89635 0 0 0 6.58746 8.40935 2.45359 6.38456 2.99716 8.69117 0 8.51344 6.67459 3.50123 0 2.67991 5.02296 4.66455 3.91137 0 0 6.63456 0 0 0 1.7778 0 0 5.72056 1.87124 8.90582 7.82377 3.91467 2.68802 0 4.48405
0 0 9.86572 0 6.24103 0 0 0 0 0 1.60635 3.25413 8.60338 1.03958 0 0 6.84573 0 5.38332 9.43684 0 0 3.62859 0 1.37993 9.75852 2.96706 0 0 0 4.83487 0 0 1.62173 4.24192 0 0 6.36441 9.19713 3.72702 9.68532 7.36272 0 5.42728 0 0 0 0 0 8.5736 3.45243 0 0 0 0 2.5136 0 0 0 0 0 0 7.70003 0 0 3.08176 4.70099 2.44161 0 3.48122 7.89458 1.15813 1.90629 0 8.33124 1.39752 0 0 0 4.5239 0 2.02576 0 7.78519 0 0 0 2.97561 0 0 6.3387 0 9.29515 0 0 0 2.01364 8.66743 0 0 0
0 0 0 0 0 0 0 0 0 0 4.75354 0 0 0 0 0 0 0 0 0 0 2.62015 0 0 0 0 0 0 0 0 0 0 0 0 1.26147 0 0 0 0 0 0 0 0 8.96678 0 0 0 0 0 0 4.73855 0 4.74754 0 0 0 0 0 0 0 0 0 0 0 0 0 0 0 0 0 0 0 0 0 0 0 0 0 0 0 0 0 0 0 0 0 0 9.5054 0 0 0 2.0394 0 0 0 0 0 0 0 0 0
0 0 0 0 0 1.67924 0 0 0 4.41832 9.05906 9.43245 7.25131 8.74405 0 0 6.54542 2.64569 9.14703 6.88542 0 7.95366 5.74264 0 9.24688 4.67136 2.19681 7.2924 7.84603 0 0 1.71611 7.2168 9.40116 0 0 9.2172 1.69242 1.89929 0 0 0 7.34862 5.84792 0 4.70465 5.15278 7.51577 0 1.75883 0 5.21126 0 0 9.42424 0 0 4.76639 7.74518 6.9321 4.76235 7.05011 7.11621 8.64868 7.21256 8.36233 0 0 0 2.2587 4.93649 6.82933 0 9.9391 9.53584 0 2.52137 9.16408 0 1.52453 8.40231 0 1.52487 2.2498 8.81118 0 0 0 0 0 6.81388 0 1.94067 0 0 2.93483 0 0 0 0 0
0 5.49219 9.56431 2.88325 3.62862 8.8063 6.63836 0 5.76441 8.50885 0 3.14767 5.20635 0 1.62798 1.75033 0 7.00706 6.34479 6.08574 8.87709 4.00817 4.34548 6.10727 1.79499 3.12595 0 1.84872 7.95918 2.11979 9.08106 2.1381 2.65874 8.73825 3.18257 8.33064 1.14845 5.16958 0 3.89727 4.81941 2.78181 8.85992 1.645 1.80358 0 5.0826 5.27753 1.36425 1.55828 3.86707 0 2.60495 9.74516 0 0 5.58727 5.79172 9.10039 6.41877 9.71092 4.16912 3.4034 0 3.42211 4.79042 6.88312 7.99805 7.41534 8.00999 8.47663 9.76647 6.94204 8.06126 9.91947 2.12028 4.57145 1.51261 0 0 9.03924 3.73869 1.18471 7.36838 9.90374 3.15739 0 7.84394 1.51343 0 0 7.84707 2.99451 5.35999 6.45497 9.20319 4.09752 0 6.86253 0 6.33511
0 7.55087 2.7023 6.19882 4.83341 8.73759 2.12049 0 7.2128 0 3.93688 0 1.66429 2.39428 0 0 9.19705 3.8922 5.10365 0 9.68814 7.43962 0 0 0 0 2.73558 0 2.66557 8.78938 0 6.08664 1.12133 7.62536 0 0 4.78131 1.60856 1.4275 5.32406 2.23031 0 9.95048 6.20791 6.15224 7.6351 7.47478 9.75199 6.66213 6.75996 1.58127 3.01658 0 6.14489 0 0 5.37856 0 8.91179 7.88084 1.49428 1.7831 3.12076 7.79384 0 8.35967 1.0092 8.48269 9.65349 2.55935 5.58699 0 4.44074 8.75127 1.85698 8.85854 3.85036 5.85969 7.74956 7.22956 4.19484 0 7.69828 3.69002 0 0 6.93685 7.02694 0 0 9.52297 2.41903 0 0 9.80972 3.62015 5.04597 3.20325 7.38533 6.34588 6.01375
0 6.18215 7.08295 4.02888 1.55744 8.47775 7.59767 9.35089 2.00772 9.62902 4.59529 0 3.56589 3.94972 8.824 9.99966 1.94313 9.59422 5.48384 9.95602 6.83249 7.19126 4.49742 0 5.39541 5.17005 6.86065 3.8236 4.74578 6.89613 6.0915 2.33191 6.6228 4.47539 5.61841 6.86539 8.95932 8.84848 4.92905 3.72469 3.22894 1.13244 3.58732 6.59514 0 8.33561 9.45263 1.56124 5.71711 8.27761 3.08894 5.41323 7.12892 0 1.29748 0 3.33097 7.13246 2.68116 3.76299 7.11957 2.5636 2.07596 1.62041 7.19875 1.06967 1.31562 4.05353 3.51457 6.31988 7.26033 5.37061 7.57814 9.53097 8.58605 5.55258 6.27761 3.02412 3.22009 4.60839 7.26197 8.58822 9.57878 6.59062 9.73974 0 0 0 7.90986 8.33124 6.39166 2.4815 4.75204 0 8.28861 2.52377 4.28242 2.48313 7.08618 0 0
0 1.10992 4.20364 3.24838 7.86564 7.77666 9.5518 7.04686 1.98269 3.30894 1.32998 8.99476 2.08468 0 6.27683 1.16559 7.3835 8.62951 5.9645 5.79167 3.8457 2.56132 5.11757 2.57212 9.7073 7.69969 4.16658 4.70656 3.97133 2.80041 8.96254 5.72485 4.51377 6.58443 0 0 1.40785 0 5.04163 5.8734 1.08743 2.87651 8.65128 7.13908 5.60412 0 6.14513 6.27562 8.65086 4.03296 5.2943 9.00143 0 2.59793 0 5.48632 3.25016 0 2.10351 9.46809 8.92396 5.27337 5.13318 7.8998 8.34848 3.95259 0 2.51338 1.53313 1.42743 4.93131 6.97879 5.61491 8.2342 7.84477 5.63651 0 9.12362 9.95068 4.2359 0 4.55935 4.33127 4.6173 2.45758 0 0 5.04087 5.5754 5.90222 7.33521 2.17015 6.00426 4.75958 9.57245 4.27018 5.12803 7.22916 9.46645 4.14806 2.46706
0 0 0 0 0 0 0 0 1.66963 0 0 0 8.39859 0 0 0 0 0 0 8.23678 5.68065 0 0 0 0 0 0 0 0 0 0 0 0 0 4.7782 6.65558 0 0 0 3.30326 0 0 0 0 0 3.16055 0 0 0 0 0 0 0 0 0 0 7.73463 0 6.5764 0 0 0 0 0 0 0 0 0 0 0 0 0 0 0 0 5.30571 0 9.29034 7.41757 0 0 0 0 9.40479 0 0 0 1.90861 0 0 0 0 0 0 0 1.21273 4.03802 0 0 0 0
0 7.63286 0 9.68182 6.51776 1.83338 6.44377 0 8.72968 0 9.50762 9.69565 0 5.04922 3.67341 5.35591 2.86926 8.07173 1.95154 9.60564 1.3535 0 0 6.37026 3.93719 9.96124 7.58068 2.53783 3.09317 7.37909 7.06978 0 3.18085 9.61823 9.61777 4.62559 0 5.46498 2.81779 6.41313 0 8.42082 9.34611 8.7378 7.9484 0 7.34307 7.97545 0 0 1.8715 9.0517 9.22795 5.38571 4.87825 9.10364 0 9.01664 0 3.90948 7.72664 6.43004 5.58001 1.64324 5.65362 1.14245 8.83911 9.6218 6.67382 0 8.74472 9.16253 0 1.9548 0 5.47677 0 0 5.53546 2.04011 0 9.62053 2.17575 5.36183 0 5.6026 0 8.18754 9.92799 3.30549 1.00191 9.48596 9.51483 4.12249 1.90481 8.67382 1.47554 4.03504 8.98392 0 0
0 0 6.54379 9.82327 0 8.13004 0 0 0 0 6.23621 0 0 3.68621 5.03947 5.52272 0 0 0 0 0 0 0 0 0 3.02002 2.65521 0 0 0 2.30701 0 0 0 0 0 0 0 0 0 5.46875 0 9.83452 0 0 0 0 4.42821 9.26889 0 9.19719 0 0 8.67392 4.71029 0 0 0 8.57836 0 1.56587 0 0 0 0 0 0 6.06909 0 0 0 5.89468 3.58664 0 3.62664 0 0 5.58891 0 0 0 0 0 7.65544 0 0 2.69898 2.98882 0 0 0 0 0 0 4.89401 0 6.07061 0 2.26921 0 2.30775
0 0 0 0 0 0 0 0 0 0 4.41672 0 0 0 8.88353 9.10406 9.95812 0 0 0 0 9.17426 0 0 0 0 0 0 0 0 0 0 0 0 0 9.76731 0 0 0 0 0 0 0 0 0 9.51945 0 0 0 0 0 0 0 0 0 0 0 0 0 2.91476 0 0 9.37331 0 0 0 0 5.23553 0 6.35853 0 0 1.43625 0 6.79414 0 0 3.68935 0 0 3.01473 0 0 0 0 0 0 0 0 0 0 0 0 0 2.01008 6.16567 0 0 0 0 0
0 0 1.87624 0 4.68946 0 0 3.77339 0 0 0 0 0 0 0 0 0 0 0 4.82741 0 0 0 0 5.62007 0 2.83904 0 5.2785 0 0 0 0 0 0 0 0 8.17155 0 0 0 4.26807 0 8.35044 0 0 0 6.14873 0 0 0 0 0 0 0 4.07432 0 2.40913 0 0 2.17385 0 0 0 5.30717 0 0 0 8.87388 0 1.25382 0 2.12213 1.71786 0 0 0 0 0 2.76923 8.00277 0 0 0 0 0 0 0 0 0 0 0 4.39725 0 0 7.22831 0 0 0 0 0
0 0 0 0 0 0 6.80888 0 0 0 0 0 0 0 6.73437 0 0 0 3.8594 0 0 0 0 0 5.43199 0 0 0 2.22067 0 0 0 0 0 5.34461 0 3.55412 0 0 0 0 8.77056 0 0 0 0 9.28234 0 0 0 2.72033 0 0 0 0 6.67936 3.37462 0 0 0 0 3.47129 9.66469 0 0 0 0 0 0 9.82102 0 0 0 0 0 0 0 0 0 0 0 0 0 0 0 0 0 0 0 0 0 0 0 0 6.75073 4.44508 0 0 0 5.89647 0
0 2.40433 0 0 0 0 0 3.18578 0 0 0 0 0 0 0 0 3.81365 0 5.30008 0 0 0 0 0 0 0 0 4.74959 0 0 0 0 0 7.67557 0 0 0 0 0 0 0 0 0 0 0 0 2.98726 0 9.40574 0 0 0 0 0 0 0 4.28972 0 0 0 0 0 4.72864 0 0 0 0 1.44328 0 0 0 0 0 0 7.6884 8.80509 0 0 3.8444 0 8.69708 0 0 0 0 0 0 0 0 0 0 0 0 0 0 6.81785 0 0 0 0 0
0 4.40351 0 0 5.06548 9.72937 0 0 0 0 0 0 0 0 0 6.04847 0 0 0 9.05159 0 5.1607 0 0 0 0 0 8.38953 0 0 0 0 0 0 6.88197 8.35944 0 4.94971 0 0 0 0 0 8.17823 0 0 0 9.515 0 0 5.30975 8.28987 0 0 0 9.72302 0 0 0 0 0 0 0 7.38838 5.0891 0 0 0 0 0 3.73897 0 0 0 9.73224 0 0 0 0 9.17008 0 0 0 0 0 0 0 0 0 0 0 0 0 9.25856 8.71936 0 0 0 0 0 2.89352
0 0 6.39327 0 1.3998 9.10079 0 0 0 4.54719 4.16031 4.28511 6.34275 8.0778 5.9504 7.30292 0 2.66725 3.359 2.80311 8.39948 8.60279 8.28796 8.43268 0 0 4.49214 5.74318 2.01118 2.2245 6.90547 0 3.81749 4.70941 4.1701 5.96485 0 1.38502 1.34161 7.25666 0 0 9.77247 5.9227 2.75294 5.6403 0 2.95501 3.13357 0 1.24278 7.90055 4.19711 0 6.7659 0 0 0 8.21695 0 0 0 9.52804 0 3.1592 6.98708 2.8143 6.84571 0 9.88284 0 6.54643 0 5.57673 8.13564 3.6556 2.93208 3.3765 8.36788 8.19911 0 0 2.89973 7.92042 7.00818 8.43033 0 9.64519 2.36414 2.95035 0 1.5977 6.77144 6.8942 3.11603 1.10068 8.7598 5.23266 0 0 0
0 0 0 0 0 0 0 0 0 0 0 0 0 0 0 0 0 0 0 0 0 0 0 0 0 0 0 0 0 0 0 0 0 0 0 0 0 0 0 0 0 0 5.29237 0 0 0 0 0 0 0 0 0 0 0 0 0 0 0 0 0 0 0 0 0 0 3.85786 0 0 0 0 0 0 0 0 0 0 0 0 0 3.17359 0 0 0 0 0 0 0 0 0 0 0 0 0 3.94698 0 0 0 0 0 0 0
0 7.82954 0 7.96101 2.94083 9.44149 0 4.43768 9.29028 9.40541 8.64222 9.06319 8.22395 7.39682 5.04416 5.80506 7.9225 5.5555 4.34563 2.55049 9.43563 9.90193 0 9.59091 3.27756 0 8.68632 2.72973 1.18384 3.88711 0 4.73884 2.64051 3.14648 5.89638 0 7.47144 1.72678 1.80661 9.05517 5.9617 9.1078 1.47076 5.07831 0 5.81373 8.7765 5.78455 7.22073 8.36265 0 0 0 0 0 6.28766 1.00004 6.70669 3.37264 1.05895 8.85198 3.71351 4.75882 6.62244 5.29049 0 6.86853 3.40702 0 0 7.1315 4.45321 0 0 5.16225 8.46875 1.47385 8.36202 0 7.52779 6.52472 0 0 4.93132 3.19548 8.77077 0 0 0 2.15905 5.91076 4.04629 0 9.30629 5.49873 5.46354 3.93181 2.87168 5.14678 8.42847 5.77492
0 0 0 0 0 0 0 0 8.74509 0 0 0 0 0 0 0 0 0 0 0 0 0 0 0 0 0 0 0 0 0 0 0 0 0 0 0 0 0 0 0 0 0 0 0 0 0 0 0 0 0 0 0 0 0 0 0 0 0 0 0 0 0 0 0 0 0 0 7.13212 0 0 0 0 0 0 0 2.9572 0 0 0 0 0 0 0 0 0 0 0 0 0 0 0 0 0 0 0 0 0 0 0 0 0
0 0 0 0 0 0 0 0 0 0 0 0 0 0 0 0 0 0 0 0 0 0 0 0 0 0 0 0 0 0 7.56048 0 5.14104 0 0 0 0 0 0 0 0 0 0 0 0 0 0 0 0 0 0 0 0 0 0 0 6.08142 0 0 0 0 0 8.628 0 0 0 0 0 4.48953 0 0 0 0 0 0 0 0 0 0 2.47005 0 0 0 0 0 0 9.35025 0 0 0 0 0 0 0 0 0 0 2.44832 0 0 0
0 8.56866 2.27794 0 5.42286 1.69477 0 6.74703 8.43251 4.84484 2.97453 8.17337 5.54683 9.58928 1.23932 0 1.99954 1.46459 6.99717 5.99806 5.27324 3.34431 3.83474 8.60358 2.3163 0 4.51266 5.42948 1.80564 3.81509 2.47078 2.27752 6.69087 6.55993 1.52885 6.5612 3.43228 1.59143 8.52667 4.5121 8.38117 8.44464 0 7.30633 9.72478 8.29454 4.94375 4.03958 2.85743 0 5.68213 1.38617 0 3.2538 8.78604 2.35999 5.19124 1.23525 8.65057 9.99695 6.29204 3.06723 4.85291 5.55226 6.88759 8.84509 8.77536 2.44216 0 2.3278 6.46183 7.37067 0 2.70196 5.26445 7.39415 2.8234 0 6.73371 6.59651 8.74116 0 6.06081 3.44805 0 3.24299 2.46539 3.2367 8.0012 8.20697 1.72428 8.09317 3.03848 8.98193 7.87458 6.38503 4.85258 1.12947 4.31791 0 9.09534
0 0 0 0 0 0 0 0 7.76777 0 0 0 0 0 0 0 0 2.28816 0 0 0 0 0 0 0 0 0 0 0 0 0 0 0 0 0 0 0 0 0 0 0 0 0 0 0 0 0 0 0 0 9.047 8.37705 0 3.00336 0 0 0 0 0 0 0 0 9.31521 4.48692 0 0 0 0 0 0 8.61018 0 0 0 0 0 0 0 0 0 0 0 0 0 0 0 0 0 0 0 8.76624 0 0 0 0 1.69874 0 0 0 6.67437 0
0 0 0 3.97556 0 8.905 7.27355 0 0 0 0 0 0 0 0 0 6.94576 0 0 4.64155 0 0 0 2.14893 9.4892 4.70161 0 0 0 4.3644 0 0 0 0 0 0 0 3.85686 0 0 0 0 0 6.27139 4.0611 0 0 0 0 0 0 0 0 0 0 0 0 0 0 0 6.09079 0 0 0 0 0 0 0 0 0 0 9.59868 3.12931 0 1.82801 4.25295 0 0 0 0 1.40965 6.68263 0 0 0 0 0 0 2.4615 0 0 0 0 0 0 0 0 0 0 0 0
0 1.55426 9.77758 0 0 0 1.78289 0 0 0 0 2.92809 0 0 0 0 0 0 1.57133 7.81601 0 0 0 7.25327 0 0 2.19372 0 8.25438 0 0 0 6.95839 0 0 0 0 0 0 1.36086 0 0 0 0 4.61892 0 6.1864 4.90233 7.47012 0 0 0 0 0 3.84376 0 2.84316 0 0 0 3.15686 0 9.42713 0 0 2.86875 0 0 3.41609 0 0 0 2.33336 9.04707 3.05446 0 0 0 7.21911 0 0 0 6.5879 5.71893 0 5.8816 0 7.75204 0 0 0 0 2.31589 0 0 0 0 9.80982 0 3.84405 5.46557
0 7.46249 7.05685 9.23918 3.7543 8.05932 6.85113 7.88049 6.36092 2.98225 9.79434 3.18599 6.51262 4.86019 9.25479 4.34585 8.93433 8.51098 8.78999 2.17314 6.90779 0 2.08073 1.53912 2.74194 9.27626 1.20389 6.39896 5.34826 5.69718 8.81974 3.38373 6.05098 3.05192 2.73396 7.8473 2.00833 1.22946 1.29733 1.97988 2.33748 5.29583 3.29296 2.01045 3.33355 3.55499 1.84445 3.04785 1.64371 5.40393 7.44832 2.69987 8.59434 2.93546 1.46481 3.03019 7.22497 8.73705 8.84676 5.0493 3.6105 4.12334 4.13931 2.72987 5.18432 3.86973 7.31509 4.36835 8.53367 2.72167 3.23908 2.11429 0 4.6789 1.32247 9.97618 1.40284 5.99436 6.23542 6.43256 9.366 9.73484 3.77685 7.1842 0 9.54633 5.42445 3.01842 4.96849 9.78664 9.68584 9.61116 3.13409 3.17021 1.60183 4.63813 1.77827 2.36647 8.25287 8.82775 6.82875
0 1.90866 0 3.33529 7.5287 0 0 9.55891 9.48388 0 2.56998 4.16181 4.39164 4.42892 5.59842 2.07082 4.59846 8.06408 1.31287 6.18394 5.98844 5.42833 5.60248 0 0 7.55918 5.28015 4.76983 9.1905 5.44855 5.75819 6.97524 9.2382 1.84682 6.51672 7.32586 9.88652 9.62356 9.36614 5.12218 2.3149 0 1.98602 0 9.45873 2.24219 3.52317 6.75444 4.85958 1.50647 0 2.18356 6.26243 7.76966 0 0 7.16975 2.73244 0 5.75512 9.59518 4.98497 6.19301 2.61064 8.76016 8.2504 0 9.13466 1.52002 8.86785 3.05718 9.93154 6.78915 0 6.08409 0 8.6329 0 0 7.18991 7.72531 6.22358 0 6.12145 8.39295 2.56958 8.22362 2.73667 5.86747 9.36958 9.87473 4.65721 8.35824 6.39107 7.81728 2.88781 2.56859 2.56049 3.32071 6.133 6.81724
0 0 0 2.54758 0 9.87235 0 3.14673 0 7.76411 0 7.31559 1.86745 0 5.53692 0 0 9.85661 7.39099 0 0 3.75377 0 9.97124 2.43066 0 0 0 0 0 0 1.75497 8.75117 4.88566 6.64664 0 0 0 0 5.40792 0 3.56461 0 9.68971 0 9.26839 1.56392 0 6.80731 3.99422 0 8.27944 0 0 0 5.91149 5.07589 0 0 6.78703 0 0 6.04419 2.51624 4.98989 0 0 0 0 0 9.55092 4.05673 0 0 0 5.39663 0 9.20815 3.18107 0 0 0 0 0 6.02199 1.24093 1.035 7.94472 0 0 0 0 0 0 1.00363 0 0 0 0 0 3.84478
0 5.43446 3.73872 0 0 8.52615 3.82575 0 2.46937 4.07463 6.91883 2.85757 0 3.30965 7.1428 4.26231 1.13185 7.07828 6.03848 8.18621 8.8404 8.11327 0 4.51353 5.09535 5.62757 3.97173 6.78752 5.36861 0 5.25168 8.24166 3.07688 1.78564 6.78579 4.42362 0 4.02014 8.3909 0 9.3636 3.78116 2.68796 0 2.17076 3.31451 9.92531 3.73772 9.44254 0 2.0867 0 9.7512 7.19899 6.91013 9.24771 0 0 3.31704 8.80401 0 9.80784 9.9365 9.86077 0 1.91283 6.15662 5.2206 0 7.10506 3.77622 0 0 1.35493 7.56095 0 9.64986 6.12368 2.40605 0 0 6.42423 4.8429 4.14996 1.74999 0 8.53776 0 8.67983 0 6.24887 0 0 3.4183 0 9.29754 2.24001 0 7.16287 9.90863 5.44155
0 0 4.81944 0 7.8052 7.9024 0 4.83626 9.46467 7.14346 7.98755 0 6.54597 8.62494 0 8.89091 5.71946 1.67086 0 0 4.19291 6.51721 5.91942 6.80593 2.70004 8.99633 0 9.74031 8.92106 0 2.17631 0 8.62146 5.65996 4.93291 6.58907 3.69323 0 2.33369 8.21076 7.38474 0 0 8.50191 5.49191 5.51738 2.34167 0 3.30363 7.7775 2.25607 2.95673 7.91253 9.45709 3.53931 0 7.47223 9.02892 1.71558 8.54436 1.68503 2.47983 1.75616 9.36963 0 9.90997 0 5.6325 6.83545 3.90779 0 0 8.0431 0 0 7.9142 0 2.79781 0 4.58575 9.84749 9.71629 1.35948 8.32458 5.36021 3.39144 1.89667 3.57431 6.09736 7.75868 9.99851 1.80545 1.00083 6.44884 0 4.31804 7.39665 8.33559 9.18566 8.3339 0
0 0 0 0 0 3.49273 3.59113 0 0 0 0 6.60053 0 1.32484 0 0 5.22758 0 0 0 3.58305 6.55523 0 4.52604 2.8163 2.61534 6.84744 2.54624 0 0 4.46157 9.11203 0 0 4.96846 0 0 0 0 6.9537 9.27612 1.5799 0 0 6.94048 5.7003 0 0 0 0 5.9908 4.28953 1.66501 0 0 3.98493 0 6.56645 0 9.64463 2.5013 0 0 1.13962 0 0 0 0 0 0 5.67792 0 0 0 0 0 1.22226 0 6.66342 1.39712 0 6.06072 0 0 0 6.07164 5.55767 0 9.61287 0 1.31349 0 7.27677 0 0 9.77515 0 0 7.75354 0 0
0 4.24249 0 0 0 5.81904 5.42352 0 0 2.57103 6.60697 0 0 0 1.1103 0 0 0 0 5.07562 1.02853 0 0 4.68241 0 0 3.01665 2.39199 0 0 0 0 0 0 2.20677 0 0 0 0 0 1.10114 3.04974 2.98772 0 6.50298 4.58832 0 0 5.48149 5.92066 0 6.02149 0 9.31651 0 8.02564 0 7.88689 8.57612 8.97011 0 0 6.19909 8.83478 3.77427 3.10108 0 0 0 0 6.59026 9.53947 0 0 0 0 4.28623 5.64124 0 6.86128 0 0 0 0 6.19675 0 0 4.50477 4.78777 0 9.61604 9.98674 1.2737 0 0 0 9.81785 2.64155 0 9.83372 0
0 7.42912 0 0 6.66217 0 0 0 2.0841 5.34706 6.25865 0 0 1.85851 0 0 4.09227 0 0 0 7.70913 0 0 0 0 0 0 0 7.01199 9.49947 6.12682 0 0 0 0 0 0 0 0 0 0 0 3.14541 0 0 0 6.41052 0 8.12615 0 1.02453 2.88147 0 0 0 0 0 0 0 0 7.07233 6.25721 2.60345 0 0 0 4.61104 3.50513 0 7.93679 0 5.55346 2.56283 0 5.47534 0 0 1.14525 0 0 8.22766 0 0 5.88436 0 0 0 0 8.22688 0 0 5.23498 0 0 0 9.09199 6.83211 0 2.73195 8.213 8.86845
0 0 9.57006 9.37372 4.3878 5.85038 0 2.23855 2.63771 6.3885 8.78106 3.84739 6.69801 0 7.61191 2.43618 0 0 0 0 0 2.20492 5.02222 6.28823 0 1.47986 0 0 3.57761 4.17863 9.4066 0 3.00476 7.23741 0 6.32222 0 1.00196 9.81366 5.34964 7.7786 0 4.51114 9.05548 0 0 2.61207 6.87657 4.99952 9.41506 0 0 0 1.7791 9.76266 1.68341 9.30454 5.79455 0 6.2714 1.08888 0 0 0 2.16922 8.44535 1.93638 0 6.41722 7.48971 3.92866 1.1397 2.03805 9.80822 1.00519 0 0 5.04017 5.93917 4.64456 0 5.28789 7.68055 3.8597 8.19545 8.03238 0 7.00732 0 7.10302 0 0 2.45082 0 8.81913 0 6.31947 7.01763 0 2.83331 0
0 1.79441 6.84451 8.00172 2.71191 1.12238 4.73884 2.16468 0 2.62456 3.19965 2.39287 9.48677 2.55957 8.93267 1.07849 4.43037 7.67305 7.11198 7.73336 1.88041 5.4882 5.03113 5.9732 7.98696 7.41441 4.71652 6.38478 1.49458 5.64545 8.35197 1.07928 0 2.47788 8.35088 3.5027 4.58407 8.61098 1.56261 4.57758 7.09873 9.59216 8.77541 8.90224 2.89159 0 4.01721 4.88391 6.82844 0 8.97322 9.68241 4.73753 9.59397 5.29902 6.99125 9.91309 4.58565 1.69991 5.97506 9.30468 8.02764 0 5.53421 2.0638 8.07501 1.04393 0 8.05367 3.37054 0 5.88861 4.27626 5.11635 4.55461 3.32032 7.1181 5.07196 2.68308 1.01577 5.67398 0 2.82925 5.96993 9.95377 6.57643 4.92188 0 1.86646 3.52874 9.65286 6.40358 2.89746 9.50413 7.44335 1.0496 0 3.59537 5.67102 6.43522 8.43503
0 2.87348 0 8.94582 0 8.35023 0 0 7.47748 0 0 0 0 0 0 6.36369 0 3.91088 7.06452 0 0 0 0 0 9.74491 6.03899 7.74309 0 0 0 0 0 0 0 0 0 0 4.93283 6.248 0 0 0 0 0 0 0 7.43301 0 0 0 0 0 0 1.30729 0 0 0 0 0 0 3.51726 4.13647 0 0 4.73557 0 6.58287 8.57787 0 0 0 0 0 0 7.43256 0 0 4.3527 6.40857 0 6.55687 0 0 9.11506 2.41932 0 0 0 0 5.6994 0 0 0 0 0 0 0 0 0 0 0
0 0 0 0 5.59208 0 0 0 0 5.59572 1.611 6.53913 1.14039 0 0 0 0 0 3.25212 9.88612 0 0 0 0 0 4.14229 0 0 1.20822 1.46199 0 9.00076 0 6.00036 0 0 6.24718 2.45076 6.36581 0 0 4.24445 0 0 0 0 0 0 3.24859 4.93466 0 3.60774 6.9193 0 5.69032 0 0 3.9746 0 0 7.79126 0 0 0 0 2.92517 0 0 3.03181 4.98914 0 0 0 7.17718 0 7.81952 0 0 8.31021 0 0 0 0 0 2.27819 0 0 0 0 0 0 0 0 0 0 0 0 5.41143 0 3.14005 0
0 1.06336 3.51071 0 3.80201 9.68396 6.77305 0 0 9.35852 2.83332 5.02846 0 7.4737 4.24615 0 6.64507 0 2.09816 1.29118 4.33589 0 6.13449 4.26199 0 0 7.86761 3.21312 4.13139 2.77389 3.0151 7.24734 0 0 0 5.93127 6.47993 1.44244 0 4.25468 0 5.9195 0 0 3.03928 0 0 4.11905 0 0 0 2.54121 4.76054 0 4.27326 0 0 0 1.81171 0 9.47087 5.61753 8.25351 7.09872 0 3.51465 8.57588 7.06753 7.55469 6.65865 9.02104 1.59603 0 9.03276 2.13637 3.50607 8.08115 3.41741 1.72508 6.42584 0 7.99725 4.30763 0 0 4.69282 0 8.73162 9.01377 1.84206 1.27579 4.37085 4.51443 4.27164 1.66507 0 0 7.61603 0 3.60144 7.42895
0 8.69889 0 0 0 0 0 0 1.76536 4.12367 0 2.45413 0 0 0 0 9.31234 9.846 8.98681 1.43681 6.32959 6.05185 6.72086 5.08534 5.63243 3.5449 8.49219 1.78086 0 0 0 5.29367 1.74038 5.42081 3.50971 2.5051 0 0 7.45774 0 3.25288 7.54518 8.20463 6.44425 9.61829 8.12266 4.09017 2.54323 0 0 0 7.23719 8.01637 1.24283 3.3064 0 8.59759 1.46025 0 1.35643 2.0577 5.15648 6.71699 5.34208 5.57817 7.71599 5.58523 1.84555 0 6.60069 0 0 0 0 8.98733 0 7.58797 0 0 0 6.00451 0 0 0 0 0 8.97084 8.81093 7.14405 0 0 0 0 4.07937 9.71524 7.51387 9.83023 9.00933 5.18372 0 6.2022
0 5.28928 0 0 0 0 0 0 0 0 0 0 0 0 0 0 0 0 0 3.39625 8.12649 0 0 0 0 0 0 0 0 0 0 0 0 0 0 0 0 0 0 0 0 0 5.63162 0 0 0 0 0 0 0 0 0 0 0 0 0 0 0 0 0 0 0 0 0 0 0 0 0 0 0 0 0 0 0 0 0 0 0 0 0 0 9.8199 0 0 0 0 0 2.45979 0 0 0 9.88213 0 0 7.37548 4.08934 0 0 0 0 0
0 5.18547 0 0 1.36915 7.4306 0 9.74438 0 1.62911 0 0 0 2.05769 0 0 0 0 5.95484 0 0 0 0 0 0 7.45465 0 3.37863 0 0 0 0 2.95365 0 7.77801 0 0 5.00927 0 8.64932 0 4.78383 3.53096 0 0 0 4.24732 0 5.107 0 8.73182 6.98174 2.57423 9.90897 0 0 0 4.53495 0 0 0 0 0 0 0 0 9.88994 5.67965 6.85628 1.6221 0 0 7.60287 0 0 0 0 0 5.78175 0 0 0 8.94179 6.47688 0 0 0 0 4.28805 0 2.96657 0 0 0 6.57017 6.56445 0 0 0 0 4.43298
0 2.26532 0 0 0 0 0 0 0 0 0 0 0 0 0 8.62269 0 0 0 0 0 0 0 0 0 0 0 0 0 0 0 0 0 0 0 0 8.8049 0 0 0 7.10969 0 0 0 0 0 0 0 0 0 0 0 7.2782 0 0 0 0 0 0 0 0 0 0 0 0 0 0 0 0 0 0 0 0 0 0 0 0 0 0 0 0 0 0 0 0 0 0 0 0 2.21598 0 0 0 0 6.37359 0 0 0 0 0 0
0 0 9.93858 0 5.73044 0 0 0 0 7.90091 2.18715 0 3.0533 1.2623 1.23779 0 6.39464 0 1.68921 5.61354 9.68706 4.07704 2.14875 1.23744 9.5484 1.45989 2.58373 4.34223 2.8915 2.5717 6.8134 0 8.18469 8.70258 0 3.27144 7.80238 6.60597 9.60717 5.05011 0 6.03746 7.47188 3.12289 7.39261 5.56512 6.46071 2.32374 2.41553 5.22538 3.60822 9.37427 0 0 0 8.58082 0 3.44383 3.85026 9.89538 1.18359 3.97001 6.64084 1.32367 4.84964 7.48734 8.15964 8.86787 0 0 9.94997 9.16715 3.29515 5.69152 4.256 6.12692 8.56265 0 8.91601 6.2736 9.74019 0 9.86255 2.01278 0 3.00874 4.77516 1.97336 2.82087 0 5.09777 2.64715 8.92558 1.28715 6.78783 6.25033 4.45117 6.90912 0 0 1.87777
0 8.30174 0 0 0 0 0 0 0 0 0 0 0 0 0 0 0 0 0 0 0 0 0 0 0 6.2581 0 0 0 0 0 0 0 0 0 0 0 0 0 0 0 0 0 0 0 0 0 0 0 0 8.95484 0 0 0 0 0 0 0 0 0 0 0 0 0 0 0 0 0 0 0 0 0 0 0 0 0 0 0 0 0 0 0 0 0 0 0 0 0 0 0 0 5.0707 0 0 3.23241 0 4.79956 0 0 0 0
0 1.15094 0 0 0 1.37279 0 0 2.36861 8.0509 0 7.36035 1.11245 8.47616 9.2579 5.3513 7.24499 0 0 0 0 0 5.61058 0 0 7.03278 0 0 4.66838 0 3.82505 7.91118 7.56187 3.42036 0 9.06694 5.64867 1.52815 0 0 0 1.6989 9.90687 0 1.84809 7.43005 4.67603 6.1123 3.45705 0 0 0 0 0 0 0 0 2.60773 0 0 0 5.05933 0 5.71288 0 2.74775 9.30726 0 5.45106 1.73558 0 0 3.92135 5.57107 0 0 2.21608 5.39447 3.53223 0 0 0 0 0 7.27666 0 8.69413 2.0236 0 9.76051 7.04492 0 9.38507 0 0 0 0 0 3.36049 3.94103 9.37219
0 0 0 0 0 0 0 0 5.13605 0 0 0 0 0 0 0 8.8463 0 4.45445 7.26737 0 2.64277 0 7.5326 0 0 0 6.65528 0 9.87486 0 0 0 0 0 0 0 0 0 0 0 7.81347 0 0 3.29653 0 0 0 0 0 1.24763 2.54812 6.61734 0 0 0 0 0 3.33678 0 0 0 0 0 0 0 8.94952 0 0 1.21914 0 0 0 0 7.39307 0 0 0 0 0 2.54799 1.24648 0 0 3.97535 0 0 0 7.0358 1.56372 0 4.1299 0 2.93724 0 0 0 0 0 0 0
0 0 6.87075 0 0 0 0 0 0 0 0 0 8.24438 0 0 0 0 0 0 0 0 0 0 0 0 0 0 0 0 0 0 0 0 0 0 0 0 0 0 0 0 0 2.83639 0 0 0 0 0 0 0 0 9.99081 0 0 0 0 0 0 0 0 6.85233 0 3.69882 0 0 0 0 0 0 0 0 0 0 0 5.97416 0 0 0 2.53359 0 0 0 0 0 0 0 0 0 0 0 0 0 0 0 9.1803 0 0 0 0 0 6.38314
0 0 0 1.92181 3.81395 0 0 3.99963 0 0 0 8.63799 6.2108 0 0 0 0 0 0 0 0 0 0 0 0 0 0 0 0 0 0 0 0 0 0 0 7.9221 0 0 0 4.78645 0 0 0 0 0 0 6.19682 9.83807 0 7.09572 0 0 7.76924 0 0 1.25902 0 0 0 0 0 0 0 0 0 0 0 0 9.68168 0 0 4.59686 0 6.81032 5.12953 0 0 0 0 8.52996 0 0 0 0 0 9.84461 0 9.01912 0 0 0 0 0 0 8.74774 1.77991 0 8.41326 0 0
0 5.82574 0 0 0 9.90657 2.21727 0 0 0 0 8.53113 0 5.93291 4.59485 0 0 6.12893 9.92989 0 0 0 7.90702 7.78712 9.28546 7.84109 4.12939 0 3.68098 2.53682 0 7.91969 5.30967 0 3.7778 7.62744 6.20066 0 0 0 7.33038 1.40443 6.89192 5.21907 0 0 1.517 0 0 6.67849 7.47739 1.01681 2.2643 7.85346 0 5.79918 7.10919 8.4862 0 7.80125 2.21866 8.39889 1.07862 0 1.82105 0 0 1.56293 0 7.47783 0 5.79002 0 0 6.22939 7.70204 5.02169 9.55532 6.05678 0 1.32416 0 0 0 0 1.09593 0 4.32899 0 0 9.63841 0 1.47275 9.89585 5.8196 0 5.5536 8.22616 5.74057 3.49142 1.38102
0 6.49659 0 7.44942 0 0 0 0 0 4.41821 0 6.53906 0 1.23214 0 0 0 0 0 6.73728 0 0 4.29512 0 0 4.44649 9.81001 0 4.30968 0 2.22382 0 0 9.11095 0 0 0 9.68177 0 2.25681 0 9.45762 1.60435 0 9.13296 0 0 5.14697 0 0 0 0 4.84056 1.90588 9.72789 1.63258 0 7.87096 0 5.75042 0 0 0 0 3.00191 0 0 0 6.45185 4.26794 9.61642 2.42228 0 6.69427 5.3917 5.93901 2.53885 0 0 0 0 0 0 5.76438 2.86507 0 0 0 0 0 5.41311 0 0 0 4.55029 5.15087 0 8.35805 0 3.65113 9.82776
0 0 0 0 0 0 0 0 0 0 0 0 0 0 0 0 0 0 0 0 0 0 0 0 0 0 0 0 0 0 0 0 0 0 0 0 0 0 0 0 0 0 0 0 0 0 0 0 0 0 0 0 0 0 0 0 0 0 0 0 0 0 0 0 0 0 0 0 0 0 0 0 0 0 0 0 0 0 0 0 0 0 0 0 0 0 0 0 0 0 0 0 0 0 0 0 0 0 5.1602 0 0
0 9.27524 3.47932 8.93027 7.93857 2.23536 5.91149 1.15944 2.36798 7.19667 0 5.58593 0 6.53808 1.15367 8.30327 9.30984 4.64941 0 3.59089 4.59624 9.71468 8.98779 9.79883 2.88066 9.16933 1.9854 4.05838 8.70031 9.10224 7.23892 9.98985 5.76568 2.36919 7.11689 2.93751 5.72033 4.04932 4.28119 0 9.69844 1.75286 8.8035 8.49945 6.78923 2.16713 6.30936 0 3.75322 4.92937 4.32887 7.74525 2.23133 6.1972 2.21672 7.38906 7.46891 0 0 6.7779 8.31072 5.2605 0 9.75573 9.06595 8.80169 3.12395 7.79213 3.80467 6.04712 1.61664 0 0 5.33885 9.95263 2.70035 0 5.02435 5.53952 2.98475 9.72543 7.86586 4.8913 6.99003 9.8901 6.54351 9.77944 0 6.45588 0 5.39917 5.7954 6.12634 7.65641 8.7218 1.24389 1.28598 5.15061 0 6.69465 0
0 0 4.86726 2.80781 0 8.8881 0 0 2.49399 0 1.67163 5.09684 0 4.3175 0 0 4.05931 2.76388 0 0 5.00714 6.08265 5.57154 4.23906 0 9.39027 2.64526 0 0 0 8.29254 4.8506 0 5.26318 5.72247 5.72744 0 3.38823 6.11603 6.92499 3.16059 0 0 4.55458 7.01633 0 0 3.77659 8.87268 0 0 3.30741 7.96733 9.46662 5.70641 0 9.93072 1.08717 0 2.02636 7.77948 1.29023 0 0 0 0 9.7058 0 0 0 6.95715 8.18723 6.95126 3.20846 7.20048 0 6.55847 6.90312 0 0 2.4548 0 0 7.17625 0 7.54659 5.9653 0 0 3.61952 3.85149 2.66703 1.32966 8.66996 0 1.40236 0 0 8.48892 0 8.42228
0 0 0 0 0 0 0 0 0 0 0 0 0 0 0 0 0 0 0 0 0 0 0 0 0 0 0 0 0 0 0 0 0 0 0 0 0 0 0 0 0 0 0 0 0 0 0 0 0 0 0 0 0 0 0 0 0 0 0 0 0 0 0 0 0 0 0 0 0 0 0 0 0 0 0 0 0 0 0 0 0 0 0 0 0 0 0 0 0 0 0 0 0 0 0 0 0 0 0 0 0
