nr_of_nodes between_buckets cpp_diffs java_diffs
100 200_400 0.6849315068493178 5.593399939448986
100 400_600 2.4630541871921183 3.022528661909733
100 600_800 2.4242424242424265 3.4763558201058187
100 800_1000 1.2422360248447308 1.0200847929424885
250 200_400 4.9183303085299475 3.623940104636477
250 400_600 0.7207518883699434 1.2310214503855617
250 600_800 3.0584497366613244 2.1085632389824442
250 800_1000 0.6307544890222098 0.9408916258750447
500 200_400 3.910789396458967 3.806214521901343
500 400_600 1.40264337086266 1.156659339529264
500 600_800 0.2663789646546586 0.47884598378010823
500 800_1000 0.5178209242313246 0.6148995488044575
750 200_400 2.190475700535526 2.226172575802293
750 400_600 0.749841774093729 0.9757398495508222
750 600_800 0.1922862751103285 0.13763212644601955
750 800_1000 0.68923474518427 0.441420515049822
1000 200_400 1.2705803549624295 1.4015680786473235
1000 400_600 5.340896776898816 4.786552245042255
1000 600_800 0.8582072837496745 0.3731849993769342
1000 800_1000 0.49697180552934067 0.6134846236800583
1500 200_400 5.6365899160728 6.120008327210521
1500 400_600 2.5090301857914774 1.875639934616628
1500 600_800 1.5808611591503674 1.6109806036364054
1500 800_1000 0.1061830430951245 0.4710230178824702
