100 19
100 28
100 42
100 37
100 38
100 36
100 42
100 44
100 35
100 48
100 38
100 39
100 35
100 37
100 39
100 31
100 32
100 37
100 4
100 4
100 5
100 4
100 35
100 40
100 34
100 36
100 35
100 31
100 33
100 38
100 37
100 41
100 35
100 37
100 32
100 35
100 38
100 52
100 25
100 32
100 29
100 28
100 35
100 33
100 32
100 43
100 45
100 30
100 36
100 33
100 30
100 35
100 36
100 31
100 27
100 26
100 27
100 23
100 34
100 47
100 42
100 38
100 41
100 43
100 38
100 36
100 25
100 32
100 31
100 48
100 41
100 41
100 35
100 38
100 35
100 38
100 43
100 33
100 31
100 28
100 32
100 31
100 36
100 35
100 38
100 36
100 33
100 44
100 43
100 32
100 35
100 34
100 32
100 32
100 32
100 70
100 29
100 40
100 33
100 40
100 35
100 30
100 38
100 43
100 36
100 31
100 31
100 36
100 23
100 45
100 48
100 40
100 44
100 43
100 38
100 92
100 31
100 31
100 55
100 26
100 31
100 35
100 34
100 33
100 41
100 47
100 46
100 38
100 28
100 35
100 33
100 25
100 42
100 20
100 40
100 34
100 38
100 37
100 3
100 3
100 3
100 3
100 35
100 35
100 33
100 38
100 35
100 21
100 28
100 19
100 37
100 55
100 40
100 32
100 30
100 37
100 36
100 25
100 29
100 28
100 29
100 23
100 17
100 12
100 12
100 15
100 5
100 5
100 5
100 5
100 33
100 33
100 29
100 34
100 25
100 20
100 25
100 22
100 38
100 37
100 33
100 35
100 33
100 31
100 37
100 45
100 30
100 40
100 24
100 54
100 57
100 57
100 4
100 3
100 5
100 38
100 38
100 39
100 47
100 40
100 32
100 10
100 9
100 11
100 6
100 35
100 32
100 39
100 45
100 38
100 32
100 34
100 17
100 18
100 16
100 20
100 7
100 10
100 7
100 7
100 7
100 33
100 38
100 38
100 37
100 41
100 45
100 44
100 39
100 17
100 12
100 14
100 36
100 35
100 31
100 37
100 37
100 41
100 41
100 32
100 31
100 21
100 18
100 17
100 27
100 34
100 34
100 34
100 39
100 29
100 33
100 33
100 31
100 21
100 26
100 16
100 19
100 37
100 36
100 33
100 38
100 39
100 32
100 32
100 34
100 36
100 37
100 37
100 36
100 36
100 34
100 33
100 38
100 32
100 42
100 50
100 41
100 32
100 27
100 31
100 36
100 35
100 35
100 42
100 44
100 16
100 13
100 13
100 12
100 12
100 35
100 37
100 32
100 25
100 23
100 23
100 26
100 17
100 19
100 17
100 26
100 8
100 7
100 9
100 7
100 11
100 36
100 40
100 34
100 32
100 31
100 34
100 29
100 29
100 11
100 14
100 11
100 12
100 38
100 43
100 42
100 39
100 27
100 35
100 35
100 29
100 33
100 40
100 31
100 32
100 36
100 38
100 39
100 41
100 40
100 37
100 38
100 45
100 26
100 26
100 27
100 26
100 34
100 43
100 42
100 45
100 39
100 43
100 41
100 41
100 28
100 26
100 26
100 30
100 19
100 21
100 21
100 23
100 23
100 29
100 37
100 42
100 33
100 37
100 29
100 34
100 22
100 24
100 25
100 20
100 34
100 35
100 31
100 36
100 25
100 32
100 32
100 28
100 32
100 28
100 33
100 31
100 22
100 21
100 20
100 26
100 30
100 38
100 40
100 34
100 43
100 38
100 36
100 35
100 30
100 29
100 24
100 15
100 14
100 16
100 15
100 16
100 5
100 4
100 5
100 4
100 28
100 35
100 27
100 30
100 35
100 34
100 40
100 38
100 38
100 15
100 18
100 13
100 12
100 33
100 37
100 26
100 29
100 43
100 34
100 36
100 40
100 13
100 17
100 18
100 16
100 34
100 38
100 35
100 34
100 33
100 31
100 34
100 38
100 38
100 39
100 30
100 39
100 11
100 14
100 15
100 11
100 11
100 29
100 32
100 26
100 30
100 27
100 24
100 33
100 25
100 46
100 32
100 37
100 35
100 4
100 4
100 5
100 4
100 33
100 34
100 32
100 30
100 21
100 21
100 21
100 19
100 22
100 33
100 33
100 32
100 37
100 36
100 37
100 36
100 41
100 21
100 21
100 23
100 26
100 20
100 17
100 16
100 16
100 6
100 6
100 7
100 5
100 10
100 26
100 24
100 32
100 30
100 35
100 25
100 28
100 22
100 9
100 10
100 10
100 10
100 10
100 31
100 39
100 32
100 36
100 31
100 22
100 32
100 28
100 30
100 35
100 36
100 37
100 44
100 44
100 41
100 30
100 25
100 32
100 34
100 33
100 32
100 33
100 29
100 35
100 45
100 39
100 47
100 43
100 24
100 30
100 29
100 31
100 37
100 27
100 36
100 34
100 45
100 39
100 42
100 41
100 38
100 41
100 43
100 65
100 40
100 38
100 53
100 37
100 32
100 42
100 47
100 36
100 52
100 41
100 42
100 44
100 36
100 38
100 35
100 25
100 21
100 25
100 8
100 8
100 8
100 7
100 8
100 33
100 30
100 38
100 22
100 29
100 25
100 19
100 17
100 13
100 18
100 34
100 27
100 29
100 46
100 33
100 30
100 35
100 39
100 17
100 22
100 24
100 11
100 31
100 51
100 45
100 38
100 43
100 47
100 35
100 36
100 40
100 28
100 36
100 42
100 34
100 34
100 37
100 33
100 40
100 37
100 33
100 38
100 11
100 10
100 10
100 9
100 10
100 43
100 32
100 37
100 34
100 42
100 41
100 40
100 44
100 42
100 37
100 62
100 6
100 4
100 3
100 3
100 33
100 34
100 34
100 35
100 22
100 22
100 25
100 31
100 17
100 19
100 16
100 17
100 26
100 36
100 33
100 36
100 38
100 36
100 48
100 36
100 40
100 33
100 42
100 36
100 4
100 3
100 3
100 3
100 3
100 40
100 42
100 37
100 32
100 33
100 37
100 32
100 34
100 37
100 32
100 35
100 39
100 33
100 36
100 31
100 34
100 22
100 22
100 18
100 22
100 14
100 13
100 12
100 12
100 12
100 4
100 4
100 4
100 7
100 4
100 46
100 35
100 43
100 39
100 22
100 24
100 17
100 19
100 11
100 15
100 17
100 11
100 17
100 39
100 34
100 31
100 31
100 24
100 31
100 31
100 35
100 18
100 26
100 21
100 22
100 5
100 5
100 5
100 5
100 5
100 25
100 30
100 25
100 29
100 20
100 24
100 22
100 25
100 10
100 10
100 10
100 9
100 9
100 37
100 41
100 41
100 32
100 40
100 40
100 38
100 31
100 19
100 21
100 17
100 21
100 39
100 31
100 35
100 31
100 37
100 38
100 37
100 37
100 24
100 24
100 18
100 21
100 11
100 19
100 8
100 9
100 38
100 35
100 39
100 35
100 37
100 33
100 30
100 36
100 38
100 43
100 40
100 35
100 34
100 5
100 5
100 4
100 5
100 44
100 47
100 32
100 37
100 37
100 37
100 30
100 50
100 18
100 13
100 9
100 14
100 2
100 2
100 2
100 2
100 2
100 41
100 29
100 36
100 22
100 22
100 29
100 20
100 20
100 14
100 16
100 16
100 12
100 32
100 37
100 35
100 32
100 32
100 36
100 40
100 41
100 35
100 45
100 35
100 1
100 1
100 3
100 2
100 2
100 29
100 33
100 39
100 42
100 26
100 22
100 23
100 18
100 9
100 12
100 9
100 9
100 25
100 29
100 24
100 29
100 25
100 46
100 54
100 53
100 53
100 13
100 16
100 12
100 28
100 33
100 34
100 32
100 41
100 37
100 35
100 34
100 22
100 27
100 17
100 28
100 34
100 40
100 38
100 36
100 35
100 40
100 34
100 33
100 41
100 38
100 45
100 56
100 20
100 22
100 6
100 8
100 8
100 39
100 41
100 56
100 39
100 23
100 49
100 43
100 50
100 41
100 42
100 41
100 44
100 37
100 36
100 46
100 44
100 39
100 44
100 44
100 43
100 35
100 32
100 30
100 32
100 19
100 20
100 18
100 19
100 19
100 33
100 32
100 36
100 32
100 28
100 25
100 27
100 25
100 25
100 20
100 21
100 21
100 21
100 28
100 33
100 30
100 31
100 30
100 34
100 33
100 35
100 26
100 25
100 26
100 25
100 25
100 19
100 17
100 17
100 18
100 31
100 29
100 32
100 29
100 24
100 23
100 24
100 25
100 25
100 24
100 24
100 24
100 24
100 13
100 14
100 14
100 13
100 27
100 26
100 22
100 24
100 22
100 31
100 35
100 31
100 31
100 16
100 17
100 17
100 16
100 8
100 8
100 8
100 8
100 7
100 37
100 34
100 33
100 29
100 29
100 28
100 27
100 29
100 22
100 15
100 24
100 22
100 20
100 27
100 25
100 28
100 28
100 28
100 28
100 28
100 28
100 32
100 32
100 32
100 28
250 260
250 230
250 183
250 186
250 67
250 70
250 189
250 197
250 17
250 17
250 179
250 195
250 208
250 199
250 29
250 30
250 5
250 5
250 6
250 106
250 131
250 33
250 38
250 12
250 14
250 13
250 210
250 159
250 204
250 184
250 28
250 28
250 4
250 7
250 4
250 105
250 139
250 35
250 36
250 17
250 15
250 16
250 212
250 151
250 226
250 196
250 26
250 30
250 244
250 267
250 138
250 225
250 206
250 15
250 15
250 16
250 108
250 127
250 91
250 155
250 23
250 25
250 25
250 7
250 7
250 173
250 170
250 174
250 185
250 19
250 21
250 188
250 149
250 189
250 189
250 28
250 29
250 10
250 10
250 11
250 143
250 94
250 188
250 173
250 21
250 23
250 210
250 239
250 140
250 141
250 28
250 27
250 11
250 9
250 11
250 196
250 168
250 47
250 46
250 23
250 19
250 19
250 158
250 159
250 187
250 196
250 190
250 244
250 191
250 164
250 184
250 45
250 60
250 161
250 246
250 222
250 145
250 165
250 170
250 26
250 27
250 181
250 188
250 156
250 63
250 45
250 46
250 223
250 177
250 2
250 2
250 187
250 199
250 223
250 187
250 187
250 170
250 316
250 56
250 56
250 191
250 196
250 3
250 5
250 182
250 184
250 36
250 38
250 204
250 208
250 148
250 173
250 76
250 69
250 199
250 212
250 212
250 189
250 127
250 156
250 196
250 16
250 15
250 15
250 131
250 124
250 50
250 55
250 49
250 27
250 26
250 6
250 7
250 9
250 196
250 184
250 214
250 180
250 18
250 18
250 214
250 173
250 189
250 180
250 27
250 26
250 11
250 11
250 11
250 157
250 142
250 257
250 270
250 21
250 136
250 137
250 63
250 70
250 69
250 194
250 199
250 238
250 86
250 116
250 211
250 264
250 214
250 160
250 156
250 71
250 68
250 27
250 27
250 27
250 227
250 198
250 170
250 185
250 43
250 42
250 234
250 234
250 158
250 119
250 113
250 37
250 37
250 37
250 229
250 183
250 191
250 199
250 65
250 57
250 214
250 160
250 174
250 187
250 200
250 193
250 248
250 13
250 16
250 215
250 191
250 51
250 51
250 212
250 234
250 4
250 4
250 175
250 163
250 221
250 206
250 194
250 169
250 185
250 54
250 54
250 199
250 178
250 184
250 220
250 194
250 190
250 178
250 179
250 191
250 154
250 162
250 76
250 54
250 223
250 184
250 8
250 9
250 175
250 151
250 33
250 34
250 26
250 19
250 21
250 224
250 138
250 56
250 63
250 29
250 25
250 30
250 9
250 9
250 5
250 105
250 105
250 47
250 49
250 48
250 179
250 187
250 226
250 188
250 194
250 28
250 30
250 7
250 7
250 9
250 107
250 108
250 59
250 44
250 43
250 22
250 25
250 22
250 178
250 158
250 187
250 35
250 37
250 37
250 10
250 9
250 142
250 142
250 37
250 41
250 35
250 211
250 270
250 156
250 155
250 151
250 192
250 199
250 16
250 15
250 12
250 158
250 156
250 57
250 70
250 20
250 19
250 22
250 169
250 164
250 201
250 244
250 175
250 215
250 223
250 173
250 36
250 38
250 36
250 22
250 21
250 22
250 231
250 181
250 120
250 166
250 43
250 42
250 12
250 12
250 13
250 126
250 133
250 48
250 52
250 199
250 200
250 8
250 7
250 204
250 197
250 191
250 189
250 190
250 199
250 198
250 44
250 43
250 194
250 244
250 203
250 207
250 131
250 177
250 164
250 230
250 210
250 163
250 157
250 53
250 53
250 188
250 230
250 200
250 129
250 175
250 40
250 53
250 40
250 213
250 217
250 147
250 147
250 57
250 56
250 199
250 178
250 202
250 186
250 174
250 36
250 37
250 16
250 17
250 17
250 172
250 190
250 184
250 195
250 188
250 203
250 9
250 8
250 137
250 135
250 197
250 220
250 210
250 166
250 154
250 168
250 196
250 29
250 29
250 235
250 190
250 154
250 137
250 55
250 41
250 230
250 197
250 163
250 149
250 183
250 254
250 32
250 37
250 245
250 182
250 184
250 51
250 38
250 37
250 274
250 211
250 234
250 245
250 246
250 285
250 12
250 14
250 14
250 195
250 199
250 55
250 61
250 24
250 21
250 2
250 3
250 3
250 60
250 66
250 61
250 191
250 172
250 13
250 12
250 178
250 156
250 176
250 176
250 20
250 22
250 4
250 5
250 5
250 169
250 164
250 181
250 185
250 201
250 157
250 144
250 83
250 60
250 59
250 29
250 29
250 5
250 4
250 4
250 130
250 89
250 40
250 54
250 41
250 17
250 16
250 145
250 145
250 63
250 61
250 61
250 181
250 194
250 7
250 8
250 181
250 158
250 180
250 171
250 219
250 217
250 140
250 60
250 60
250 59
250 211
250 213
250 180
250 140
250 138
250 173
250 220
250 25
250 23
250 129
250 114
250 114
250 85
250 59
250 25
250 27
250 11
250 11
250 12
250 182
250 226
250 40
250 39
250 24
250 26
250 25
250 191
250 190
250 98
250 217
250 273
250 16
250 15
250 214
250 210
250 54
250 72
250 23
250 28
250 198
250 231
250 75
250 226
250 200
250 12
250 15
250 108
250 108
250 108
250 188
250 215
250 220
250 192
250 191
250 188
250 181
250 163
250 210
250 215
250 156
250 159
250 68
250 54
250 25
250 28
250 28
250 2
250 3
250 101
250 96
250 96
250 210
250 10
250 11
250 12
250 153
250 154
250 38
250 38
250 54
250 251
250 207
250 227
250 174
250 157
250 199
250 209
250 12
250 15
250 149
250 226
250 58
250 58
250 228
250 228
250 234
250 154
250 172
250 51
250 38
250 38
250 177
250 198
250 154
250 181
250 168
250 27
250 27
250 31
250 219
250 213
250 133
250 139
250 34
250 33
250 19
250 20
250 17
250 202
250 200
250 208
250 40
250 34
250 31
250 151
250 167
250 178
250 177
250 168
250 17
250 18
250 17
250 185
250 189
250 164
250 186
250 197
250 242
250 177
250 129
250 127
250 193
250 188
250 209
250 194
250 183
250 153
250 194
250 222
250 202
250 14
250 15
250 202
250 202
250 48
250 37
250 19
250 20
250 18
250 157
250 158
250 53
250 52
250 186
250 235
250 189
250 195
250 194
250 53
250 54
250 60
250 207
250 261
250 148
250 178
250 178
250 173
250 170
250 13
250 13
250 138
250 201
250 189
250 174
250 27
250 27
250 27
250 199
250 196
250 248
250 213
250 213
250 193
250 178
250 188
250 39
250 46
250 39
250 28
250 36
250 37
250 4
250 5
250 158
250 153
250 192
250 169
250 14
250 16
250 15
250 135
250 146
250 55
250 60
250 170
250 174
250 7
250 5
250 7
250 289
250 214
250 218
250 206
250 196
250 141
250 173
250 172
250 27
250 34
250 27
250 209
250 197
250 206
250 183
250 191
250 196
250 194
250 176
250 179
250 54
250 48
250 36
250 29
250 182
250 186
250 150
250 180
250 194
250 185
250 216
250 191
250 175
250 199
250 245
250 174
250 177
250 196
250 121
250 126
250 56
250 62
250 57
250 23
250 25
250 165
250 171
250 173
250 173
250 247
250 192
250 196
250 200
250 188
250 217
250 261
250 196
250 184
250 231
250 61
250 57
250 27
250 31
250 32
250 218
250 241
250 199
250 192
250 201
250 38
250 34
250 164
250 231
250 161
250 188
250 188
250 194
250 14
250 15
250 127
250 133
250 204
250 204
250 210
250 214
250 201
250 135
250 133
250 204
250 206
250 176
250 209
250 178
250 202
250 257
250 28
250 32
250 6
250 6
250 6
250 115
250 87
250 192
250 193
250 15
250 14
250 16
250 245
250 205
250 65
250 59
250 233
250 240
250 229
250 167
250 158
250 52
250 40
250 15
250 16
250 17
250 183
250 195
250 217
250 204
250 31
250 28
250 8
250 8
250 9
250 181
250 135
250 48
250 48
250 225
250 211
250 177
250 175
250 46
250 45
250 43
250 34
250 206
250 205
250 130
250 130
250 50
250 53
250 242
250 201
250 140
250 143
250 158
250 160
250 32
250 32
250 233
250 224
250 168
250 56
250 54
250 54
250 19
250 20
250 188
250 189
250 75
250 69
250 38
250 39
250 42
250 14
250 10
250 12
250 185
250 302
250 185
250 20
250 22
250 21
250 181
250 176
250 106
250 124
250 34
250 35
250 220
250 222
250 149
250 148
250 182
250 179
250 27
250 21
250 245
250 202
250 62
250 63
250 34
250 28
250 26
250 13
250 13
250 16
250 133
250 174
250 192
250 209
250 177
250 5
250 6
250 4
250 206
250 203
250 42
250 39
250 201
250 199
250 139
250 138
250 250
250 155
250 23
250 23
250 7
250 5
250 5
250 157
250 158
250 264
250 189
250 187
250 144
250 183
250 48
250 49
250 194
250 195
250 201
250 199
250 139
250 131
250 243
500 992
500 1100
500 1066
500 893
500 838
500 263
500 70
500 547
500 1088
500 404
500 141
500 80
500 881
500 1039
500 1004
500 723
500 131
500 85
500 7
500 481
500 54
500 156
500 515
500 1038
500 507
500 384
500 745
500 348
500 918
500 214
500 987
500 984
500 945
500 215
500 83
500 897
500 221
500 1173
500 189
500 923
500 169
500 75
500 47
500 533
500 956
500 512
500 991
500 498
500 908
500 453
500 984
500 634
500 1051
500 1043
500 852
500 192
500 6
500 7
500 389
500 109
500 179
500 949
500 5
500 4
500 496
500 1114
500 343
500 248
500 983
500 179
500 1223
500 1119
500 897
500 1139
500 185
500 185
500 45
500 495
500 998
500 434
500 981
500 926
500 115
500 692
500 1014
500 927
500 1178
500 207
500 178
500 492
500 933
500 880
500 212
500 83
500 910
500 189
500 715
500 1022
500 518
500 1155
500 402
500 1099
500 1067
500 30
500 446
500 955
500 379
500 952
500 1116
500 119
500 837
500 1330
500 274
500 1065
500 1035
500 994
500 80
500 944
500 136
500 70
500 110
500 929
500 1027
500 163
500 948
500 288
500 81
500 981
500 1092
500 807
500 1055
500 979
500 534
500 1007
500 935
500 278
500 956
500 982
500 467
500 928
500 329
500 273
500 1159
500 958
500 973
500 72
500 65
500 987
500 147
500 793
500 1016
500 225
500 112
500 815
500 915
500 1117
500 1002
500 386
500 68
500 562
500 1052
500 754
500 1033
500 412
500 1249
500 676
500 137
500 943
500 121
500 773
500 217
500 852
500 912
500 35
500 849
500 115
500 1061
500 176
500 74
500 912
500 98
500 793
500 185
500 1057
500 1056
500 991
500 1122
500 286
500 1022
500 508
500 1004
500 966
500 932
500 1058
500 1028
500 119
500 926
500 172
500 83
500 1006
500 823
500 232
500 1159
500 996
500 989
500 1092
500 1078
500 991
500 264
500 1094
500 421
500 52
500 132
500 928
500 668
500 963
500 654
500 1017
500 928
500 1031
500 293
500 114
500 768
500 213
500 947
500 269
500 194
500 798
500 192
500 1083
500 269
500 1101
500 924
500 875
500 965
500 913
500 1080
500 905
500 22
500 417
500 90
500 975
500 981
500 908
500 976
500 457
500 163
500 55
500 519
500 1073
500 1098
500 989
500 1024
500 438
500 274
500 112
500 541
500 155
500 104
500 895
500 1037
500 1010
500 3
500 412
500 1056
500 1134
500 15
500 921
500 1070
500 368
500 143
500 20
500 859
500 1151
500 815
500 823
500 105
500 89
500 685
500 140
500 88
500 407
500 1072
500 1163
500 914
500 914
500 644
500 271
500 1075
500 925
500 797
500 978
500 1046
500 1057
500 1047
500 1048
500 175
500 8
500 529
500 149
500 198
500 602
500 996
500 985
500 835
500 172
500 841
500 1052
500 936
500 1071
500 991
500 1112
500 1183
500 858
500 1042
500 1021
500 643
500 260
500 1332
500 994
500 617
500 223
500 794
500 170
500 141
500 628
500 341
500 1105
500 190
500 155
500 821
500 1091
500 376
500 1003
500 279
500 1176
500 361
500 276
500 910
500 1110
500 820
500 135
500 848
500 986
500 589
500 1133
500 439
500 146
500 40
500 536
500 147
500 120
500 875
500 1047
500 303
500 79
500 920
500 168
500 90
500 933
500 1000
500 413
500 1008
500 971
500 1039
500 1135
500 887
500 144
500 20
500 1003
500 1142
500 1091
500 519
500 1249
500 243
500 912
500 420
500 102
500 76
500 890
500 989
500 1149
500 855
500 280
500 1175
500 1006
500 959
500 1093
500 283
500 984
500 382
500 1072
500 1051
500 1088
500 988
500 535
500 157
500 767
500 135
500 108
500 632
500 1162
500 485
500 1159
500 615
500 151
500 1071
500 1180
500 876
500 35
500 1012
500 1149
500 345
500 1349
500 309
500 220
500 883
500 966
500 463
500 100
500 929
500 172
500 1064
500 921
500 808
500 196
500 70
500 882
500 1113
500 409
500 124
500 678
500 1032
500 531
500 205
500 1085
500 366
500 785
500 1046
500 597
500 884
500 539
500 262
500 114
500 903
500 228
500 14
500 595
500 1047
500 347
500 1107
500 885
500 121
500 1007
500 982
500 998
500 850
500 162
500 65
500 701
500 290
500 112
500 997
500 1140
500 231
500 1223
500 377
500 1251
500 234
500 1139
500 473
500 1029
500 1005
500 1110
500 58
500 56
500 549
500 251
500 1009
500 344
500 1165
500 186
500 1141
500 898
500 979
500 1162
500 227
500 1034
500 441
500 136
500 701
500 259
500 1141
500 424
500 71
500 890
500 1011
500 1199
500 47
500 985
500 29
500 10
500 877
500 227
500 881
500 107
500 809
500 211
500 80
500 906
500 158
500 31
500 525
500 888
500 1078
500 43
500 646
500 1057
500 433
500 992
500 434
500 1039
500 998
500 125
500 924
500 71
500 1167
500 1041
500 627
500 1055
500 895
500 1107
500 930
500 1076
500 41
500 704
500 1017
500 1015
500 102
500 845
500 143
500 7
500 491
500 1049
500 375
500 136
500 684
500 987
500 547
500 412
500 21
500 122
500 441
500 979
500 371
500 1000
500 449
500 1216
500 429
500 140
500 40
500 525
500 105
500 952
500 212
500 146
500 703
500 1079
500 434
500 988
500 1053
500 820
500 258
500 1014
500 338
500 957
500 909
500 74
500 823
500 95
500 19
500 349
500 1101
500 776
500 149
500 896
500 205
500 870
500 918
500 682
500 200
500 721
500 300
500 1262
500 250
500 1172
500 923
500 489
500 251
500 937
500 334
500 1096
500 242
500 134
500 937
500 213
500 973
500 400
500 1047
500 962
500 741
500 1145
500 950
500 1112
500 309
500 36
500 90
500 482
500 110
500 697
500 337
500 809
500 1162
500 612
500 146
500 168
500 26
500 530
500 127
500 638
500 923
500 1013
500 1034
500 511
500 894
500 930
500 683
500 894
500 1122
500 97
500 975
500 888
500 986
500 199
500 800
500 330
500 1013
500 973
500 11
500 518
500 1007
500 468
500 1123
500 205
500 182
500 611
500 975
500 81
500 908
500 1205
500 224
500 955
500 1120
500 733
500 130
500 1014
500 258
500 175
500 1047
500 168
500 202
500 651
500 103
500 771
500 247
500 67
500 702
500 178
500 878
500 196
500 1111
500 995
500 12
500 874
500 1079
500 1052
500 514
500 1358
500 251
500 954
500 700
500 979
500 308
500 145
500 55
500 429
500 257
500 118
500 1004
500 172
500 60
500 503
500 139
500 733
500 1097
500 576
500 182
500 144
500 855
500 1058
500 554
500 969
500 584
500 1066
500 925
500 726
500 297
500 105
500 905
500 889
500 977
500 120
500 692
500 980
500 477
500 340
500 666
500 995
500 458
500 268
500 79
500 785
500 137
500 86
500 587
500 1172
500 421
500 948
500 736
500 125
500 1032
500 1066
500 729
500 97
500 783
500 156
500 137
500 77
500 913
500 1049
500 1024
500 754
500 1110
500 1016
500 123
500 998
500 987
500 1015
500 880
500 118
500 36
500 1004
500 188
500 908
500 1109
500 1035
500 632
500 1178
500 1023
500 1072
500 936
500 997
500 82
500 948
500 233
500 995
500 1128
500 872
500 1127
500 243
500 141
500 3
500 455
500 878
500 1200
500 1121
500 1046
500 914
500 1047
500 471
500 1184
500 1127
500 1240
500 1084
500 974
500 1123
500 105
500 1017
500 1110
500 834
500 1158
500 907
500 1029
500 190
500 882
500 187
500 968
500 1013
500 973
500 90
500 490
500 1065
500 825
500 171
500 95
500 505
500 902
500 1074
500 141
500 601
500 83
500 944
500 218
500 1065
500 386
500 109
500 43
500 1076
500 72
500 554
500 995
500 494
500 1051
500 775
500 1331
500 1110
500 783
500 996
500 764
500 983
500 1010
500 686
500 355
500 770
500 421
500 1048
500 252
500 141
500 951
500 923
500 765
500 123
500 16
500 946
500 92
500 960
500 142
500 778
500 147
500 1041
500 1034
500 909
500 899
500 934
500 41
500 62
500 866
500 53
500 759
500 1168
500 993
500 953
500 1011
500 701
500 120
500 1198
500 1151
500 971
500 4
500 4
500 464
500 114
500 87
500 571
500 112
500 1067
500 957
500 835
500 198
500 72
500 1098
500 142
500 868
500 117
500 1055
500 941
500 915
500 24
500 25
500 801
500 1078
500 997
500 531
500 260
500 84
500 631
500 1058
500 995
500 81
500 990
500 123
500 62
500 983
500 868
500 1102
500 971
500 135
500 1078
500 312
500 1174
500 1113
500 514
500 75
500 700
500 396
500 22
500 415
500 1116
500 914
500 59
500 58
500 937
500 1056
500 122
500 1146
500 243
500 1112
500 375
500 888
500 1103
500 959
500 1100
500 978
500 856
500 1016
500 755
500 111
500 157
500 973
500 897
500 291
500 1103
500 422
500 65
500 801
500 1055
500 465
500 1096
500 281
500 131
500 20
500 21
500 409
500 995
500 521
500 1080
500 1029
500 759
500 129
500 139
500 1038
500 67
500 176
500 963
500 1076
500 264
500 960
500 306
500 238
500 980
500 889
500 419
500 354
500 1118
500 256
500 122
500 2
500 509
500 214
500 1219
500 108
500 735
500 1075
500 580
500 1049
500 1092
500 1101
500 378
500 39
500 33
750 1509
750 3414
750 3135
750 3099
750 3507
750 842
750 3415
750 5
750 650
750 1845
750 3494
750 1597
750 3032
750 2936
750 3345
750 3376
750 829
750 2731
750 3412
750 1023
750 2876
750 3518
750 3476
750 384
750 2851
750 3610
750 3116
750 557
750 2172
750 626
750 3101
750 3552
750 2814
750 1307
750 3194
750 2191
750 844
750 2859
750 3413
750 3154
750 756
750 3187
750 2897
750 990
750 2943
750 15
750 676
750 3264
750 2455
750 3677
750 785
750 2408
750 3186
750 2952
750 2368
750 3185
750 3002
750 12
750 1319
750 1097
750 1767
750 1130
750 1466
750 1007
750 43
750 788
750 1355
750 2016
750 1269
750 934
750 2995
750 8
750 3062
750 3693
750 55
750 636
750 2338
750 673
750 3118
750 2571
750 3298
750 2332
750 3624
750 3427
750 2910
750 3111
750 79
750 3388
750 3204
750 3436
750 3563
750 74
750 1691
750 1492
750 939
750 1757
750 960
750 3023
750 3004
750 583
750 1728
750 784
750 141
750 3240
750 3178
750 2790
750 194
750 2891
750 3238
750 3158
750 579
750 1982
750 1717
750 3297
750 3012
750 2335
750 931
750 1312
750 3119
750 186
750 3030
750 2090
750 3270
750 1668
750 3351
750 1106
750 1439
750 3209
750 2745
750 830
750 3130
750 2626
750 2884
750 2598
750 3253
750 3195
750 1240
750 2947
750 2862
750 3401
750 2964
750 1961
750 1252
750 2824
750 243
750 1133
750 1489
750 2962
750 1773
750 1800
750 3216
750 1295
750 3095
750 3705
750 3384
750 514
750 3165
750 3180
750 3489
750 3353
750 3159
750 2936
750 50
750 814
750 3161
750 2884
750 250
750 3302
750 38
750 641
750 3119
750 2982
750 307
750 3404
750 2712
750 3533
750 353
750 1529
750 1858
750 3021
750 1206
750 2210
750 565
750 3314
750 3469
750 210
750 1156
750 3335
750 38
750 3541
750 1008
750 1173
750 3123
750 296
750 1170
750 1608
750 3318
750 847
750 2562
750 477
750 1658
750 1139
750 1911
750 3105
750 3141
750 3397
750 3228
750 3142
750 2669
750 3692
750 492
750 2408
750 782
750 3136
750 3157
750 3336
750 1069
750 3352
750 2615
750 335
750 2813
750 36
750 1624
750 1054
750 1174
750 3266
750 3343
750 353
750 3199
750 2353
750 982
750 1239
750 3332
750 2008
750 2896
750 3285
750 3094
750 3177
750 1360
750 2885
750 3491
750 131
750 1987
750 3422
750 3120
750 3410
750 79
750 3143
750 3391
750 51
750 766
750 1104
750 1809
750 3834
750 3109
750 10
750 404
750 2676
750 762
750 3010
750 2829
750 3735
750 3138
750 1626
750 3547
750 1577
750 774
750 20
750 3188
750 3009
750 3149
750 3670
750 545
750 3170
750 3052
750 112
750 3068
750 2803
750 143
750 3006
750 155
750 3131
750 2381
750 591
750 2961
750 2059
750 1603
750 2929
750 2802
750 1234
750 3008
750 2816
750 3685
750 256
750 12
750 3246
750 3112
750 1679
750 1320
750 1625
750 1070
750 2975
750 3883
750 3606
750 482
750 961
750 2800
750 458
750 2944
750 83
750 3011
750 1693
750 1103
750 2946
750 48
750 646
750 3020
750 3491
750 944
750 3386
750 3058
750 3390
750 384
750 1644
750 1051
750 1520
750 1437
750 3084
750 1815
750 1114
750 3256
750 2117
750 1722
750 1033
750 3084
750 2580
750 343
750 2773
750 121
750 3083
750 136
750 3041
750 3165
750 1940
750 3265
750 7
750 3108
750 1290
750 2049
750 3458
750 1786
750 3218
750 1046
750 2977
750 94
750 886
750 2683
750 368
750 1144
750 3059
750 144
750 3007
750 3092
750 3321
750 892
750 995
750 1813
750 1144
750 1860
750 420
750 2071
750 1341
750 897
750 7
750 3418
750 457
750 2333
750 668
750 3173
750 2607
750 906
750 1236
750 1883
750 1160
750 3193
750 1908
750 2978
750 9
750 500
750 1867
750 1231
750 957
750 1584
750 3172
750 2881
750 3298
750 2890
750 3024
750 2061
750 2967
750 34
750 710
750 2984
750 179
750 3228
750 2809
750 203
750 1013
750 2809
750 178
750 3119
750 3031
750 105
750 894
750 3165
750 3488
750 3361
750 3313
750 1185
750 3169
750 3411
750 65
750 2394
750 334
750 3079
750 3466
750 3489
750 602
750 3215
750 2913
750 3665
750 3542
750 2918
750 2061
750 2975
750 1283
750 2168
750 513
750 3065
750 3573
750 167
750 2503
750 3211
750 3216
750 1848
750 1237
750 1888
750 3461
750 3312
750 3232
750 3634
750 3548
750 3547
750 486
750 1878
750 1314
750 2357
750 565
750 1045
750 3502
750 3323
750 232
750 2949
750 2521
750 3476
750 3353
750 2368
750 680
750 2724
750 3378
750 355
750 1382
750 2925
750 267
750 3090
750 2989
750 3600
750 179
750 3092
750 2213
750 1040
750 1062
750 2872
750 3685
750 3135
750 587
750 3259
750 2275
750 1674
750 1055
750 3183
750 1769
750 1139
750 2810
750 3131
750 3197
750 1287
750 2759
750 3425
750 186
750 2885
750 217
750 872
750 2944
750 3805
750 3727
750 3183
750 496
750 3143
750 3164
750 3524
750 3572
750 1320
750 1149
750 1548
750 1119
750 2205
750 376
750 1598
750 3626
750 6
750 1577
750 3468
750 3249
750 2391
750 670
750 3318
750 2570
750 780
750 1137
750 2100
750 593
750 3092
750 286
750 987
750 1363
750 1985
750 3078
750 3061
750 3542
750 3360
750 471
750 3243
750 95
750 880
750 1077
750 1949
750 3069
750 10
750 675
750 3219
750 2821
750 163
750 1286
750 3156
750 3341
750 339
750 1699
750 3446
750 3269
750 3483
750 3431
750 3687
750 993
750 1581
750 1283
750 3266
750 1340
750 2689
750 320
750 2922
750 2278
750 3130
750 2071
750 1441
750 3122
750 2784
750 141
750 2906
750 3094
750 960
750 1303
750 3375
750 3174
750 3064
750 128
750 2891
750 2442
750 3095
750 3055
750 2974
750 510
750 2740
750 101
750 682
750 3148
750 3017
750 283
750 3143
750 55
750 3416
750 1586
750 983
750 3252
750 3319
750 422
750 651
750 2846
750 296
750 3272
750 2324
750 3134
750 3072
750 2308
750 1254
750 1007
750 1661
750 1015
750 3274
750 2637
750 1429
750 3069
750 2744
750 140
750 2943
750 3062
750 3478
750 633
750 1076
750 2689
750 577
750 2654
750 68
750 794
750 3274
750 6
750 691
750 1696
750 1543
750 782
750 3164
750 3464
750 503
750 3106
750 3659
750 3463
750 514
750 3095
750 1722
750 2419
750 395
750 3038
750 3542
750 3231
750 3178
750 3194
750 2811
750 407
750 3415
750 992
750 1953
750 2898
750 31
750 581
750 2852
750 3516
750 294
750 2971
750 2721
750 220
750 2868
750 267
750 1362
750 3253
750 2926
750 3910
750 222
750 897
750 1811
750 1171
750 1680
750 1232
750 2003
750 3154
750 2916
750 2674
750 954
750 3193
750 3176
750 368
750 2675
750 3229
750 3258
750 3198
750 1237
750 3206
750 180
750 2866
750 3177
750 2233
750 3094
750 33
750 3351
750 3361
750 1666
750 3233
750 2961
750 248
750 1203
750 2108
750 3189
750 2778
750 40
750 1728
750 3094
750 2789
750 3521
750 831
750 1427
750 1560
750 3094
750 2826
750 396
750 1195
750 3009
750 3231
750 2987
750 1435
750 1266
750 3077
750 2184
750 1031
750 2939
750 183
750 2952
750 2549
750 509
750 2785
750 184
750 2623
750 3395
750 3482
750 2982
750 1817
750 3033
750 2812
750 248
750 1222
750 2036
750 3345
750 3206
750 61
750 738
750 3177
750 3123
750 3367
750 3216
750 827
750 2476
750 3408
750 690
750 3517
750 3387
750 425
750 1764
750 1020
750 2889
750 187
750 3290
750 3051
750 1336
750 2911
750 3065
750 838
750 1413
750 2495
750 3529
750 3239
750 1904
750 916
750 1600
750 2867
750 2821
750 3077
750 3007
750 3832
750 169
750 945
750 1611
750 1114
750 2038
750 970
750 1795
750 1093
750 1388
750 3054
750 2536
750 3185
750 3343
750 3181
750 2576
750 3361
750 3080
750 3571
750 3316
750 577
750 1931
750 569
750 3108
750 3475
750 132
750 3010
750 2846
750 702
750 896
750 1627
750 2944
750 2726
750 225
750 2372
750 795
750 1532
750 1241
750 2916
750 42
750 673
750 2920
750 138
750 935
750 1393
750 3199
750 2870
750 230
750 3020
750 2943
750 3484
750 335
750 6
750 581
750 2966
750 3637
750 178
750 1070
750 3187
750 55
750 638
750 2384
750 3681
750 3169
750 3117
750 2499
750 2802
750 2924
750 3743
750 99
750 1623
750 1226
750 2686
750 3484
750 3356
750 468
750 3111
750 3735
750 266
750 3241
750 2889
750 3387
750 3189
750 3309
750 3284
750 2949
750 287
750 794
750 3275
750 3431
750 302
750 3078
750 3608
750 3533
750 434
750 2635
750 172
750 890
750 3167
750 3292
750 234
750 3004
750 15
750 3226
750 2875
750 3565
750 3282
750 2986
750 2427
750 327
750 3392
750 22
750 1396
750 3029
750 2279
750 1392
750 2943
750 2980
750 3364
750 3658
750 944
750 1383
750 1948
750 3043
750 1606
750 3763
750 2990
750 2500
750 699
750 2507
750 3499
750 906
750 1276
750 1857
750 3075
750 14
750 519
750 1942
750 1285
750 3096
750 2861
750 263
750 1127
750 2958
750 3336
750 2921
750 3185
750 1151
750 2859
750 147
750 3642
750 1008
750 3210
750 82
750 2991
750 3556
750 1726
750 3042
750 3198
750 3361
750 3286
750 894
750 17
750 820
750 3061
750 1874
750 2869
750 3623
750 200
750 1046
750 3484
750 3155
750 3362
750 3171
750 1057
750 1538
750 2812
750 3125
750 721
750 2933
750 3000
750 370
750 1482
750 1832
750 3262
750 1327
750 2602
750 3621
750 3239
750 3290
750 1886
750 3161
750 1402
750 2988
750 56
750 3180
750 3006
750 282
750 824
750 3401
750 1905
750 3200
750 2988
750 3096
750 3453
750 866
750 1333
750 1953
750 1575
750 3275
750 941
750 1309
750 3034
750 3183
750 642
1000 1841
1000 557
1000 6166
1000 2739
1000 7068
1000 144
1000 218
1000 649
1000 7589
1000 1115
1000 132
1000 405
1000 881
1000 414
1000 7793
1000 7839
1000 7080
1000 1262
1000 8302
1000 265
1000 357
1000 210
1000 7822
1000 7621
1000 6697
1000 6571
1000 5954
1000 6750
1000 5445
1000 1773
1000 7426
1000 7123
1000 6949
1000 3390
1000 1830
1000 7718
1000 8135
1000 277
1000 612
1000 8550
1000 6212
1000 3553
1000 6543
1000 4504
1000 652
1000 8329
1000 5835
1000 1354
1000 6793
1000 7278
1000 6856
1000 3455
1000 7065
1000 4295
1000 581
1000 8246
1000 300
1000 7129
1000 6842
1000 6952
1000 8136
1000 7649
1000 7802
1000 8878
1000 6941
1000 7594
1000 443
1000 8180
1000 231
1000 513
1000 7554
1000 1110
1000 7705
1000 804
1000 405
1000 333
1000 482
1000 792
1000 7704
1000 7730
1000 7542
1000 7522
1000 7038
1000 2664
1000 3160
1000 1070
1000 632
1000 336
1000 551
1000 7757
1000 2058
1000 4205
1000 518
1000 981
1000 6566
1000 6231
1000 5775
1000 7538
1000 7245
1000 5935
1000 3221
1000 7482
1000 6973
1000 5197
1000 2797
1000 6625
1000 8069
1000 7556
1000 7358
1000 7505
1000 1531
1000 7879
1000 203
1000 680
1000 230
1000 7734
1000 6987
1000 2290
1000 6909
1000 75
1000 191
1000 7328
1000 802
1000 1087
1000 73
1000 331
1000 8006
1000 6053
1000 133
1000 8426
1000 7161
1000 6098
1000 7025
1000 1568
1000 6737
1000 1025
1000 7828
1000 780
1000 7661
1000 6828
1000 1642
1000 4614
1000 7643
1000 804
1000 7040
1000 1653
1000 4461
1000 7541
1000 7775
1000 7577
1000 929
1000 614
1000 7986
1000 7358
1000 7613
1000 1724
1000 6831
1000 8042
1000 8413
1000 6432
1000 7378
1000 1584
1000 7468
1000 8216
1000 7947
1000 8131
1000 108
1000 237
1000 568
1000 6877
1000 6788
1000 7009
1000 191
1000 7950
1000 6991
1000 2308
1000 5540
1000 427
1000 7435
1000 1102
1000 7548
1000 6711
1000 2394
1000 6950
1000 6859
1000 6546
1000 4954
1000 3461
1000 2920
1000 1780
1000 7712
1000 260
1000 495
1000 7099
1000 7423
1000 6722
1000 4576
1000 86
1000 1001
1000 8723
1000 9078
1000 1563
1000 216
1000 453
1000 983
1000 493
1000 8375
1000 7073
1000 1253
1000 157
1000 7466
1000 7370
1000 1951
1000 4700
1000 132
1000 320
1000 7627
1000 1142
1000 5909
1000 4651
1000 8188
1000 159
1000 7566
1000 7244
1000 1798
1000 262
1000 6069
1000 6725
1000 8040
1000 33
1000 7872
1000 220
1000 7384
1000 7693
1000 7017
1000 2714
1000 2808
1000 6881
1000 116
1000 7774
1000 7982
1000 541
1000 193
1000 537
1000 888
1000 6739
1000 7130
1000 2104
1000 7196
1000 7582
1000 7137
1000 7050
1000 6655
1000 7908
1000 87
1000 438
1000 632
1000 302
1000 6594
1000 2132
1000 7264
1000 5611
1000 5940
1000 1207
1000 156
1000 253
1000 866
1000 6614
1000 1398
1000 7515
1000 294
1000 630
1000 7161
1000 7366
1000 1319
1000 973
1000 78
1000 162
1000 7659
1000 1893
1000 5492
1000 1372
1000 179
1000 413
1000 6920
1000 6137
1000 120
1000 339
1000 6872
1000 7870
1000 2738
1000 7580
1000 6904
1000 3117
1000 3048
1000 1340
1000 6866
1000 6471
1000 6075
1000 7471
1000 1944
1000 6787
1000 576
1000 8379
1000 6846
1000 8181
1000 393
1000 143
1000 7448
1000 1820
1000 5959
1000 6666
1000 6660
1000 8260
1000 5020
1000 5514
1000 6605
1000 8631
1000 49
1000 8366
1000 7908
1000 4718
1000 187
1000 272
1000 8489
1000 7059
1000 6647
1000 4031
1000 7074
1000 1559
1000 7438
1000 7757
1000 460
1000 654
1000 7991
1000 7536
1000 485
1000 214
1000 584
1000 7379
1000 1430
1000 6995
1000 6637
1000 7792
1000 92
1000 7712
1000 8282
1000 7647
1000 7804
1000 483
1000 353
1000 592
1000 307
1000 6845
1000 2078
1000 3
1000 8500
1000 6213
1000 7432
1000 3818
1000 1435
1000 192
1000 8053
1000 6826
1000 7107
1000 2515
1000 5328
1000 7316
1000 4447
1000 7293
1000 6909
1000 7490
1000 2344
1000 6747
1000 7797
1000 7690
1000 7002
1000 2913
1000 6867
1000 6262
1000 7546
1000 7152
1000 1351
1000 7257
1000 608
1000 6953
1000 1055
1000 780
1000 402
1000 8177
1000 205
1000 7194
1000 6660
1000 7910
1000 380
1000 7651
1000 8922
1000 5060
1000 6933
1000 7145
1000 6886
1000 7408
1000 3254
1000 1432
1000 8566
1000 230
1000 532
1000 7890
1000 7336
1000 6862
1000 6703
1000 5082
1000 5955
1000 4751
1000 156
1000 7858
1000 8091
1000 483
1000 7463
1000 7786
1000 475
1000 529
1000 7248
1000 7589
1000 1950
1000 5035
1000 8335
1000 4181
1000 449
1000 7570
1000 7813
1000 1385
1000 121
1000 366
1000 869
1000 7483
1000 507
1000 7171
1000 1293
1000 135
1000 7803
1000 1760
1000 5939
1000 981
1000 8285
1000 7792
1000 7337
1000 7648
1000 1013
1000 381
1000 1310
1000 7753
1000 123
1000 316
1000 8396
1000 154
1000 7933
1000 515
1000 976
1000 100
1000 297
1000 7376
1000 6831
1000 16
1000 7516
1000 257
1000 7704
1000 755
1000 410
1000 768
1000 365
1000 101
1000 7260
1000 1940
1000 7422
1000 347
1000 560
1000 336
1000 638
1000 8428
1000 8230
1000 98
1000 188
1000 547
1000 1252
1000 6806
1000 2161
1000 6531
1000 6526
1000 1960
1000 211
1000 7390
1000 670
1000 401
1000 8104
1000 7086
1000 954
1000 7251
1000 6862
1000 5632
1000 8252
1000 7923
1000 503
1000 8083
1000 8128
1000 483
1000 177
1000 540
1000 726
1000 578
1000 274
1000 530
1000 1177
1000 133
1000 8352
1000 7816
1000 458
1000 7210
1000 7453
1000 1023
1000 7744
1000 126
1000 7914
1000 666
1000 223
1000 465
1000 974
1000 111
1000 308
1000 659
1000 309
1000 7911
1000 7330
1000 7773
1000 976
1000 567
1000 7691
1000 6458
1000 3563
1000 7509
1000 6981
1000 1615
1000 7532
1000 337
1000 7323
1000 3236
1000 7086
1000 3157
1000 1483
1000 8091
1000 156
1000 7591
1000 545
1000 7333
1000 6935
1000 4116
1000 380
1000 7656
1000 1070
1000 7162
1000 542
1000 7825
1000 1500
1000 138
1000 8
1000 7889
1000 288
1000 697
1000 8299
1000 410
1000 166
1000 305
1000 6590
1000 2444
1000 57
1000 7503
1000 7750
1000 343
1000 938
1000 7725
1000 413
1000 6680
1000 3087
1000 7177
1000 4153
1000 333
1000 6596
1000 7785
1000 7235
1000 7280
1000 3690
1000 1620
1000 5703
1000 6845
1000 7337
1000 7057
1000 4029
1000 506
1000 1133
1000 8267
1000 100
1000 348
1000 7507
1000 7370
1000 855
1000 445
1000 218
1000 816
1000 297
1000 552
1000 1736
1000 3607
1000 7682
1000 7073
1000 4934
1000 111
1000 285
1000 129
1000 7590
1000 8220
1000 7673
1000 7857
1000 8289
1000 7569
1000 234
1000 7022
1000 2619
1000 7439
1000 1907
1000 330
1000 919
1000 481
1000 177
1000 8045
1000 6487
1000 7002
1000 7494
1000 2506
1000 32
1000 189
1000 7052
1000 7772
1000 568
1000 6587
1000 3285
1000 7394
1000 7383
1000 6194
1000 369
1000 6883
1000 1147
1000 7214
1000 7037
1000 2162
1000 6928
1000 6
1000 8642
1000 3859
1000 7515
1000 2109
1000 5459
1000 6682
1000 6533
1000 6230
1000 111
1000 292
1000 7951
1000 966
1000 5157
1000 7640
1000 333
1000 567
1000 368
1000 7472
1000 944
1000 435
1000 7555
1000 979
1000 8200
1000 73
1000 8121
1000 461
1000 746
1000 360
1000 7973
1000 322
1000 692
1000 8907
1000 6558
1000 7009
1000 1671
1000 6416
1000 7839
1000 374
1000 765
1000 7730
1000 6812
1000 1450
1000 247
1000 468
1000 7399
1000 1260
1000 173
1000 402
1000 711
1000 419
1000 9485
1000 6212
1000 197
1000 829
1000 293
1000 721
1000 7935
1000 391
1000 7319
1000 7032
1000 6232
1000 8314
1000 8215
1000 6502
1000 7038
1000 6653
1000 6761
1000 7601
1000 7038
1000 6888
1000 2723
1000 3678
1000 7102
1000 1969
1000 4731
1000 686
1000 7529
1000 340
1000 7028
1000 7418
1000 3791
1000 305
1000 993
1000 7160
1000 8318
1000 621
1000 8254
1000 7917
1000 7082
1000 6891
1000 2102
1000 238
1000 6249
1000 6818
1000 6913
1000 5255
1000 7593
1000 7697
1000 8700
1000 6011
1000 6044
1000 7814
1000 7574
1000 1403
1000 7240
1000 997
1000 517
1000 246
1000 7909
1000 7464
1000 7386
1000 6528
1000 6407
1000 6746
1000 2448
1000 5557
1000 4259
1000 7466
1000 7133
1000 2511
1000 5425
1000 6829
1000 6204
1000 257
1000 7336
1000 2244
1000 6226
1000 428
1000 882
1000 86
1000 1059
1000 6953
1000 7107
1000 2109
1000 5457
1000 3779
1000 1552
1000 6359
1000 6725
1000 6159
1000 893
1000 7053
1000 7316
1000 7585
1000 2499
1000 3136
1000 6543
1000 6468
1000 7238
1000 1921
1000 5465
1000 169
1000 587
1000 7621
1000 220
1000 8231
1000 629
1000 329
1000 7079
1000 8113
1000 247
1000 7676
1000 7106
1000 6281
1000 7566
1000 599
1000 7543
1000 291
1000 603
1000 7692
1000 438
1000 7085
1000 800
1000 613
1000 7943
1000 8544
1000 6902
1000 6303
1000 4432
1000 149
1000 285
1000 7770
1000 8248
1000 167
1000 392
1000 904
1000 8003
1000 8780
1000 139
1000 465
1000 156
1000 453
1000 7207
1000 7847
1000 7546
1000 7870
1000 1421
1000 163
1000 7778
1000 7366
1000 7891
1000 900
1000 7729
1000 8198
1000 57
1000 7932
1000 8093
1000 419
1000 120
1000 454
1000 7286
1000 7054
1000 1392
1000 699
1000 290
1000 7539
1000 940
1000 24
1000 7907
1000 242
1000 6422
1000 5842
1000 7758
1000 509
1000 787
1000 534
1000 192
1000 7758
1000 710
1000 1286
1000 148
1000 7828
1000 493
1000 7014
1000 7613
1000 1290
1000 587
1000 7711
1000 7975
1000 7462
1000 699
1000 7739
1000 8082
1000 422
1000 6825
1000 7032
1000 6929
1000 3415
1000 7044
1000 7459
1000 4670
1000 85
1000 7662
1000 6814
1000 1357
1000 7425
1000 1111
1000 6723
1000 1934
1000 4925
1000 177
1000 7872
1000 355
1000 8307
1000 7723
1000 7047
1000 7834
1000 7925
1000 6764
1000 7181
1000 7029
1000 6736
1000 2339
1000 6801
1000 6859
1000 7867
1000 7263
1000 761
1000 7239
1000 7792
1000 7657
1000 7658
1000 6627
1000 6184
1000 6218
1000 1433
1000 169
1000 7859
1000 704
1000 7929
1000 7946
1000 7740
1000 521
1000 7359
1000 1210
1000 92
1000 379
1000 7774
1000 7192
1000 1257
1000 7293
1000 7211
1000 6877
1000 5121
1000 5979
1000 1452
1000 94
1000 7935
1000 7490
1000 7637
1000 597
1000 273
1000 608
1000 1274
1000 6254
1000 2362
1000 4989
1000 136
1000 386
1000 203
1000 9104
1000 7651
1000 7657
1000 7979
1000 7776
1000 266
1000 667
1000 315
1000 680
1000 7455
1000 1455
1000 7522
1000 206
1000 6973
1000 1640
1000 4577
1000 840
1000 8283
1000 6268
1000 1993
1000 7864
1000 7705
1000 381
1000 7188
1500 22172
1500 23401
1500 25346
1500 635
1500 24684
1500 26151
1500 22590
1500 343
1500 26396
1500 26584
1500 4636
1500 5161
1500 24380
1500 17363
1500 11827
1500 19302
1500 3898
1500 5608
1500 22416
1500 26750
1500 23567
1500 19396
1500 9202
1500 3976
1500 22517
1500 114
1500 172
1500 25788
1500 28805
1500 5921
1500 11877
1500 9134
1500 4128
1500 11086
1500 23886
1500 218
1500 14599
1500 17283
1500 26947
1500 8234
1500 4112
1500 30855
1500 24060
1500 24957
1500 22126
1500 24167
1500 1939
1500 25864
1500 23218
1500 24539
1500 278
1500 15802
1500 26409
1500 20379
1500 22311
1500 21438
1500 145
1500 27182
1500 26742
1500 6405
1500 11492
1500 22597
1500 19176
1500 22897
1500 22020
1500 19391
1500 23174
1500 2796
1500 1828
1500 24798
1500 18839
1500 27447
1500 29281
1500 25777
1500 16187
1500 16103
1500 29019
1500 735
1500 2218
1500 31903
1500 18843
1500 10502
1500 24820
1500 28277
1500 32180
1500 30770
1500 11456
1500 32661
1500 4818
1500 1278
1500 28511
1500 1038
1500 3230
1500 26512
1500 31734
1500 328
1500 6819
1500 27352
1500 6457
1500 6139
1500 26058
1500 23969
1500 135
1500 27440
1500 24789
1500 2143
1500 27425
1500 18925
1500 18064
1500 922
1500 23740
1500 8253
1500 20618
1500 4793
1500 23752
1500 175
1500 28574
1500 14204
1500 1272
1500 25955
1500 6560
1500 26851
1500 17796
1500 823
1500 22433
1500 27278
1500 701
1500 8481
1500 23401
1500 19407
1500 26750
1500 602
1500 24964
1500 20748
1500 23595
1500 7756
1500 27220
1500 8065
1500 1607
1500 24426
1500 26222
1500 26080
1500 201
1500 5330
1500 27416
1500 10618
1500 20091
1500 3030
1500 25731
1500 26247
1500 23054
1500 26863
1500 2826
1500 11369
1500 29767
1500 30281
1500 1693
1500 19598
1500 30759
1500 314
1500 6719
1500 27978
1500 24483
1500 2608
1500 11117
1500 28856
1500 18647
1500 605
1500 2407
1500 24481
1500 8566
1500 10805
1500 466
1500 28288
1500 23477
1500 22001
1500 22658
1500 22797
1500 6785
1500 12111
1500 24190
1500 22618
1500 10070
1500 1153
1500 25013
1500 23220
1500 849
1500 24537
1500 26051
1500 26213
1500 3759
1500 11193
1500 26475
1500 26746
1500 8522
1500 31405
1500 24997
1500 19171
1500 22594
1500 24052
1500 26788
1500 24703
1500 15776
1500 120
1500 186
1500 24434
1500 178
1500 22844
1500 21960
1500 21084
1500 916
1500 24029
1500 834
1500 11063
1500 26914
1500 462
1500 20721
1500 20137
1500 25163
1500 11139
1500 26489
1500 4111
1500 6153
1500 12
1500 76
1500 10085
1500 21706
1500 21974
1500 11154
1500 21666
1500 25
1500 26970
1500 27185
1500 1586
1500 24497
1500 22372
1500 9730
1500 2514
1500 12910
1500 23331
1500 3732
1500 22251
1500 6740
1500 5265
1500 24784
1500 243
1500 22928
1500 21696
1500 27838
1500 460
1500 7105
1500 5008
1500 1067
1500 9282
1500 13012
1500 22187
1500 13300
1500 21342
1500 23951
1500 6978
1500 4933
1500 26951
1500 981
1500 10660
1500 23757
1500 28
1500 89
1500 12626
1500 9449
1500 11517
1500 22054
1500 20646
1500 22138
1500 21347
1500 569
1500 23926
1500 620
1500 22572
1500 24942
1500 22190
1500 32114
1500 19707
1500 2110
1500 25685
1500 3636
1500 22956
1500 24387
1500 21760
1500 24421
1500 2355
1500 23740
1500 22757
1500 3673
1500 114
1500 22024
1500 16719
1500 260
1500 18000
1500 26386
1500 19553
1500 6244
1500 27
1500 14696
1500 25073
1500 27794
1500 2651
1500 8697
1500 10861
1500 26855
1500 11441
1500 26049
1500 25318
1500 1942
1500 4758
1500 24623
1500 12554
1500 21536
1500 293
1500 13344
1500 647
1500 6458
1500 14022
1500 521
1500 25120
1500 18992
1500 20444
1500 23617
1500 25906
1500 2435
1500 1650
1500 3764
1500 22618
1500 24161
1500 415
1500 14642
1500 7985
1500 22358
1500 24371
1500 136
1500 232
1500 22227
1500 19244
1500 22763
1500 6096
1500 28299
1500 22548
1500 369
1500 14354
1500 2123
1500 27101
1500 9055
1500 30391
1500 211
1500 24135
1500 2699
1500 21522
1500 746
1500 21007
1500 27872
1500 16659
1500 210
1500 27487
1500 193
1500 21292
1500 26174
1500 11917
1500 20062
1500 7088
1500 5893
1500 9498
1500 24284
1500 27152
1500 22605
1500 7216
1500 24604
1500 24841
1500 21143
1500 23980
1500 24737
1500 885
1500 8595
1500 24849
1500 17891
1500 25470
1500 11845
1500 21009
1500 25205
1500 11050
1500 19644
1500 3900
1500 23986
1500 24286
1500 33801
1500 1073
1500 3355
1500 25506
1500 764
1500 8826
1500 24942
1500 7241
1500 23451
1500 203
1500 218
1500 14309
1500 23543
1500 3247
1500 87
1500 26663
1500 7031
1500 4114
1500 23035
1500 5867
1500 14167
1500 15514
1500 2395
1500 1133
1500 8948
1500 11108
1500 20304
1500 18862
1500 13
1500 26788
1500 6786
1500 12030
1500 24875
1500 19490
1500 20
1500 44
1500 12564
1500 22522
1500 23465
1500 1889
1500 4572
1500 5794
1500 24206
1500 201
1500 26907
1500 2708
1500 27204
1500 25936
1500 12812
1500 22982
1500 4171
1500 20653
1500 4384
1500 23461
1500 6198
1500 20061
1500 3721
1500 19821
1500 4398
1500 4439
1500 15371
1500 1635
1500 25200
1500 21368
1500 2787
1500 24952
1500 21710
1500 25935
1500 4180
1500 12243
1500 21758
1500 27000
1500 24284
1500 26332
1500 24049
1500 5699
1500 20506
1500 21756
1500 19974
1500 5430
1500 1774
1500 5335
1500 766
1500 26867
1500 20338
1500 26166
1500 20702
1500 22904
1500 24524
1500 149
1500 21051
1500 25610
1500 10349
1500 717
1500 21156
1500 1528
1500 10048
1500 24192
1500 26841
1500 2218
1500 4279
1500 5858
1500 25776
1500 27820
1500 25765
1500 14482
1500 10555
1500 2230
1500 23350
1500 2745
1500 24244
1500 381
1500 14560
1500 6557
1500 14121
1500 20565
1500 1638
1500 20687
1500 359
1500 16349
1500 25660
1500 26575
1500 24693
1500 9258
1500 5119
1500 4928
1500 1354
1500 23580
1500 5800
1500 14
1500 29376
1500 26264
1500 29135
1500 24184
1500 336
1500 25893
1500 22667
1500 2425
1500 21827
1500 648
1500 8867
1500 30571
1500 2892
1500 25594
1500 32083
1500 30959
1500 25554
1500 28391
1500 421
1500 28877
1500 17203
1500 1449
1500 29258
1500 27851
1500 6024
1500 29121
1500 24680
1500 2231
1500 24649
1500 22022
1500 19147
1500 17292
1500 22620
1500 24200
1500 26123
1500 9119
1500 10037
1500 25812
1500 24653
1500 28637
1500 10269
1500 4445
1500 25835
1500 23840
1500 26483
1500 23171
1500 22009
1500 171
1500 13307
1500 363
1500 508
1500 6458
1500 10944
1500 26987
1500 5302
1500 30830
1500 24876
1500 22948
1500 22642
1500 19157
1500 25300
1500 10589
1500 949
1500 9924
1500 4206
1500 23903
1500 133
1500 189
1500 21612
1500 614
1500 7424
1500 23948
1500 22812
1500 4286
1500 4116
1500 21555
1500 855
1500 8735
1500 20197
1500 25380
1500 22615
1500 16645
1500 234
1500 16144
1500 26640
1500 5356
1500 24337
1500 25670
1500 8435
1500 21694
1500 23362
1500 5897
1500 21702
1500 21897
1500 24671
1500 16872
1500 25785
1500 16839
1500 20317
1500 823
1500 22345
1500 22486
1500 19742
1500 21792
1500 979
1500 18085
1500 25733
1500 28533
1500 19612
1500 24504
1500 26372
1500 4440
1500 11701
1500 21186
1500 28931
1500 14507
1500 21982
1500 19799
1500 23573
1500 1551
1500 23706
1500 1096
1500 20277
1500 9589
1500 3083
1500 23617
1500 22044
1500 22153
1500 16754
1500 13266
1500 18114
1500 5520
1500 84
1500 179
1500 23343
1500 8247
1500 799
1500 24095
1500 700
1500 18280
1500 124
1500 11660
1500 23566
1500 3226
1500 28102
1500 27815
1500 25781
1500 22858
1500 23706
1500 28756
1500 23575
1500 6699
1500 22835
1500 16626
1500 15293
1500 22193
1500 14
1500 12113
1500 19549
1500 11552
1500 22667
1500 10101
1500 22612
1500 7925
1500 1279
1500 23473
1500 920
1500 23049
1500 8774
1500 22399
1500 21499
1500 26507
1500 24524
1500 1114
1500 11298
1500 20334
1500 11600
1500 21040
1500 22227
1500 5941
1500 24113
1500 232
1500 16945
1500 155
1500 20550
1500 24646
1500 1859
1500 4183
1500 21475
1500 27231
1500 3210
1500 23408
1500 14622
1500 1860
1500 23360
1500 8574
1500 21961
1500 22017
1500 22913
1500 9101
1500 21795
1500 314
1500 20960
1500 23476
1500 25892
1500 23415
1500 2938
1500 34
1500 22887
1500 15074
1500 8505
1500 27832
1500 890
1500 23187
1500 4806
1500 958
1500 20684
1500 2646
1500 25008
1500 13141
1500 25137
1500 20224
1500 19891
1500 22595
1500 14349
1500 23710
1500 25001
1500 20659
1500 23202
1500 23503
1500 24948
1500 25453
1500 22079
1500 29623
1500 24927
1500 20702
1500 668
1500 20235
1500 5908
1500 27663
1500 1971
1500 5034
1500 853
1500 23802
1500 23360
1500 2081
1500 4992
1500 1341
1500 23249
1500 1182
1500 20928
1500 24530
1500 20747
1500 24954
1500 25905
1500 7106
1500 26335
1500 4272
1500 24437
1500 19517
1500 23800
1500 24746
1500 20859
1500 23228
1500 4127
1500 24065
1500 1819
1500 24666
1500 21842
1500 24364
1500 17542
1500 2206
1500 736
1500 21922
1500 26310
1500 22632
1500 23081
1500 20856
1500 3646
1500 21264
1500 22836
1500 21314
1500 20873
1500 23520
1500 26487
1500 980
1500 10188
1500 26954
1500 21549
1500 15912
1500 209
1500 13258
1500 24640
1500 26447
1500 13085
1500 2510
1500 24777
1500 5836
1500 116
1500 94
1500 14149
1500 294
1500 15994
1500 26355
1500 25653
1500 23278
1500 3464
1500 27
1500 100
1500 11702
1500 9028
1500 24
1500 9928
1500 23506
1500 6319
1500 12367
1500 3379
1500 12485
1500 23089
1500 4882
1500 24903
1500 27236
1500 25988
1500 20326
1500 21021
1500 25214
1500 638
1500 7184
1500 25569
1500 23392
1500 20189
1500 1370
1500 22662
1500 14637
1500 17454
1500 24636
1500 22058
1500 22484
1500 16214
1500 23392
1500 23584
1500 5819
1500 106
1500 12837
1500 6459
1500 24229
1500 320
1500 18665
1500 5704
1500 20232
1500 21738
1500 19913
1500 21530
1500 22536
1500 8220
1500 25136
1500 18247
1500 1678
1500 22087
1500 21300
1500 25007
1500 13944
1500 313
1500 24705
1500 27950
1500 184
1500 13592
1500 19965
1500 5798
1500 21763
1500 1156
1500 23585
1500 25764
1500 13479
1500 279
1500 22258
1500 28207
1500 982
1500 8246
1500 147
1500 100
1500 11378
1500 21159
1500 23247
1500 1743
1500 21678
1500 16454
1500 25803
1500 25137
1500 23708
1500 23130
1500 26970
1500 24493
1500 26407
1500 21913
1500 20014
1500 3693
1500 13609
1500 24394
1500 19216
1500 26199
1500 20593
1500 1083
1500 8843
1500 14520
1500 23695
1500 20262
1500 24381
1500 28309
1500 21579
1500 29238
1500 23268
1500 21166
1500 23118
1500 24289
1500 513
1500 16444
1500 28059
1500 212
1500 22732
1500 23067
1500 4337
1500 22897
1500 8057
1500 22591
1500 20066
1500 24062
1500 26394
1500 21051
1500 1438
1500 20253
1500 21842
1500 203
1500 19380
1500 24963
1500 79
1500 111
1500 12698
1500 24883
1500 23421
1500 24912
1500 75
1500 22375
1500 23594
1500 23426
1500 27149
1500 22805
1500 5584
1500 25828
1500 24045
1500 2407
1500 24121
1500 28315
1500 26972
1500 2244
1500 26003
1500 10451
1500 6197
1500 23777
1500 6342
1500 23191
1500 23584
1500 25679
1500 24127
1500 25932
1500 8444
1500 23898
1500 381
1500 421
1500 16967
1500 23091
1500 7249
1500 976
1500 27007
1500 23175
1500 4189
1500 4954
1500 5723
